100.901	1562.21
104.069	1584.41
107.237	1632.29
110.403	1656.74
113.568	1640.53
116.732	1650.77
119.895	1686.97
123.056	1715.6
126.217	1811.91
129.377	1953.99
132.533	2201.17
135.691	1804.06
138.847	1366.35
142	982.806
145.155	691.024
148.306	472.536
151.458	307.395
154.609	182.187
157.757	93.1572
160.904	42.4736
164.052	9.14746
167.197	0
170.342	8.5498
173.485	39.8936
176.627	85.5605
179.767	141.331
182.909	219.512
186.047	305.71
189.184	373.018
192.321	370.837
195.456	375.22
198.59	388.598
201.723	402.61
204.855	421.738
207.986	440.172
211.116	456.924
214.245	452.513
217.373	439.429
220.497	420.649
223.623	414.441
226.748	409.687
229.869	419.914
232.992	426.309
236.114	437.866
239.232	455.575
242.351	478.087
245.468	516.791
248.585	564.827
251.699	623.125
254.814	701.231
257.926	792.219
261.038	914.189
264.15	1011.26
267.259	1097.91
270.366	1173.16
273.473	1200.64
276.579	1181.15
279.686	1130.71
282.79	1050.75
285.893	948.339
288.994	836.873
292.095	728.459
295.194	623.215
298.291	538.987
301.388	469.728
304.485	409.417
307.58	361.943
310.675	315.699
313.766	315.699
316.858	315.699
319.95	315.699
323.038	315.699
326.127	315.699
329.213	315.699
332.3	344.122
335.384	377.938
338.47	424.871
341.552	463.772
344.633	497.779
347.712	521.741
350.793	518.818
353.871	519.394
356.948	506.852
360.024	499.188
363.099	501.052
366.173	511.588
369.245	512.536
372.317	492.831
375.388	461.55
378.458	420.31
381.526	373.531
384.594	355.784
387.66	349.646
390.724	363.601
393.789	382.354
396.852	423.653
399.913	469.244
402.974	511.717
406.033	526.478
409.092	515.835
412.148	482.082
415.206	438.364
418.26	397.771
421.316	364.213
424.368	332.41
427.419	328.214
430.47	335.526
433.521	352.199
436.569	345.73
439.617	338.437
442.663	331.794
445.708	313.105
448.752	282.72
451.796	275.3
454.838	293.056
457.877	335.092
460.917	383.976
463.956	439.973
466.995	458.432
470.03	489.901
473.066	506.042
476.101	534.822
479.133	558.456
482.166	579.185
485.197	585.802
488.228	567.326
491.256	539.791
494.283	504.575
497.311	447.227
500.336	415.877
503.36	392.514
506.383	376.788
509.408	364.605
512.429	353.292
515.449	344.322
518.468	334.228
521.486	317.472
524.503	307.185
527.517	284.016
530.532	265.018
533.546	244.666
536.56	230.615
539.572	237.244
542.581	258.313
545.591	278.827
548.598	300.195
551.606	315.954
554.612	328.77
557.618	318.736
560.621	295.804
563.625	263.857
566.626	237.146
569.627	217.766
572.626	202.648
575.626	199.729
578.623	197.618
581.62	201.636
584.615	215.957
587.609	247.756
590.602	300.231
593.595	359.206
596.586	435.942
599.574	488.694
602.564	471.088
605.552	366.63
608.54	274.131
611.524	238.123
614.509	229.909
617.492	296.187
620.475	393.975
623.456	630.302
626.437	1189.93
629.416	2180.85
632.394	2538.2
635.372	2587.79
638.348	1799.7
641.322	708.807
644.296	568.873
647.269	293.422
650.24	233.935
653.211	307.516
656.181	295.789
659.15	257.611
662.118	221.961
665.085	212.65
668.05	211.602
671.013	213.846
673.977	219.998
676.94	228.387
679.9	233.41
682.861	242.857
685.819	255.935
688.779	233.642
691.735	313.044
694.69	423.344
697.646	684.993
700.599	1034.34
703.552	1475.9
706.503	1493.63
709.453	1386.1
712.403	1043.23
715.351	797.163
718.299	652.14
721.245	625.95
724.191	612.697
727.135	657.464
730.079	710.625
733.02	795.528
735.961	883.254
738.902	951.814
741.84	992.284
744.779	1018.69
747.715	1041.12
750.652	1058.4
753.586	1070.06
756.519	1075.98
759.453	1081.38
762.384	1087.06
765.314	1102.62
768.243	1117.32
771.172	1142.51
774.099	1120.19
777.025	1110.56
779.951	1138.3
782.875	1174.45
785.799	1315.59
788.721	1561.78
791.641	1865.46
794.562	2170.68
797.481	2460.23
800.398	2713.63
803.316	2917.02
806.231	3094.14
809.145	3216.22
812.06	3274.18
814.972	3184.77
817.883	2951.14
820.795	2688.29
823.704	2487.03
826.613	2373.12
829.52	2316.79
832.427	2317.62
835.332	2384.58
838.237	2516.22
841.14	2713.56
844.041	2976.1
846.943	3317.05
849.844	3735.67
852.743	4209.06
855.64	4701.92
858.538	4823.72
861.434	4634.24
864.33	4196.83
867.223	3762.2
870.115	3415.93
873.008	3102.61
875.899	2888.98
878.788	3042.28
881.677	3043.28
884.565	2924.6
887.451	2728.35
890.337	2420.31
893.222	2096.1
896.106	1946.84
898.989	1905.73
901.869	1883.88
904.75	1870.59
907.63	1852.33
910.508	1825.31
913.386	1767.12
916.261	1699.55
919.138	1628.57
922.012	1569.33
924.884	1521.07
927.758	1509.53
930.629	1530.8
933.499	1558.67
936.368	1579.83
939.236	1568.98
942.103	1551.5
944.969	1531.4
947.835	1517.41
950.699	1513.11
953.562	1523.76
956.423	1565.05
959.285	1626.11
962.145	1690.18
965.003	1735.62
967.862	1757.09
970.718	1742.98
973.575	1690.34
976.43	1615.95
979.283	1536.95
982.135	1473.18
984.987	1441.43
987.839	1432.13
990.689	1437.91
993.538	1453.89
996.385	1469.94
999.23	1443.01
1002.08	1381.56
1004.92	1286.49
1007.77	1153.8
1010.61	1007.85
1013.45	899.268
1016.29	845.414
1019.13	857.126
1021.97	909.7
1024.81	1011.04
1027.64	1114.28
1030.48	1211.57
1033.31	1282.32
1036.15	1351.47
1038.98	1374.22
1041.81	1357.31
1044.64	1293.67
1047.47	1211.42
1050.3	1123.12
1053.12	1039.08
1055.95	985.313
1058.78	950.917
1061.6	965.039
1064.42	960.819
1067.25	965.544
1070.07	951.694
1072.89	930.888
1075.71	915.562
1078.53	909.436
1081.34	961.282
1084.16	1073.01
1086.97	1240.68
1089.79	1491.59
1092.6	1864.82
1095.41	2269.35
1098.23	2673.18
1101.04	3002.85
1103.85	3227.57
1106.65	3282.38
1109.46	3184
1112.27	2977.42
1115.07	2705.88
1117.88	2392.23
1120.68	2081.19
1123.48	1808.51
1126.28	1558.8
1129.08	1324.54
1131.88	1131.71
1134.68	983.146
1137.48	878.913
1140.27	813.197
1143.07	789.085
1145.86	801.975
1148.66	814.065
1151.45	821.629
1154.24	837.711
1157.03	851.391
1159.82	904.766
1162.61	971.889
1165.39	1134.11
1168.18	1315.73
1170.97	1609.87
1173.75	1891.72
1176.53	1993.45
1179.32	1910.15
1182.1	1599.44
1184.88	1344.89
1187.66	1113.86
1190.43	936.41
1193.21	811.362
1195.99	729.652
1198.76	672.675
1201.54	645.327
1204.31	638.742
1207.08	630.533
1209.85	603.268
1212.63	577.768
1215.39	559.129
1218.16	561.298
1220.93	557.723
1223.7	568.222
1226.46	590.61
1229.23	626.422
1231.99	665.152
1234.75	708.542
1237.51	760.629
1240.27	803.305
1243.03	850.969
1245.79	907.476
1248.55	968.253
1251.31	1044.05
1254.06	1166.04
1256.82	1347.1
1259.57	1621.06
1262.32	1994.08
1265.07	2455.1
1267.82	3048.87
1270.57	3865.65
1273.32	4769.46
1276.07	5690.01
1278.82	6268.95
1281.56	6471.08
1284.31	6353.36
1287.05	5962.39
1289.79	5366.27
1292.54	4641.27
1295.28	4098.01
1298.02	3862.31
1300.75	3682.83
1303.49	3531.98
1306.23	3214.9
1308.97	2910.18
1311.7	2607.73
1314.43	2290.89
1317.17	2013.23
1319.9	1760.38
1322.63	1580.47
1325.36	1446.8
1328.09	1348.86
1330.82	1284.13
1333.54	1207.92
1336.27	1121.33
1339	1053.5
1341.72	996.461
1344.44	950.566
1347.17	914.625
1349.89	888.036
1352.61	871.872
1355.33	867.591
1358.04	855.196
1360.76	841.844
1363.48	821.631
1366.19	797.769
1368.91	776.589
1371.62	779.129
1374.33	851.382
1377.05	924.225
1379.76	991.011
1382.47	1038.67
1385.17	1063.93
1387.88	1046.88
1390.59	1013.16
1393.29	963.916
1396	901.348
1398.7	827.196
1401.41	767.955
1404.11	752.289
1406.81	796.798
1409.51	854.526
1412.21	857.862
1414.91	678.16
1417.6	555.423
1420.3	525.834
1422.99	557.662
1425.69	671.167
1428.38	861.977
1431.07	1144.13
1433.76	1495.62
1436.45	1893.11
1439.14	2305.63
1441.83	2722.16
1444.52	3091.4
1447.21	3415.42
1449.89	3652.08
1452.58	3782.68
1455.26	3821.84
1457.94	3709.72
1460.62	3455.79
1463.3	3044.45
1465.99	2667.46
1468.66	2308.43
1471.34	1972.01
1474.02	1668.06
1476.7	1385.85
1479.37	1132.78
1482.04	908.043
1484.72	713.579
1487.39	555.477
1490.06	430.564
1492.73	351.705
1495.4	309.536
1498.07	296.377
1500.74	280.398
1503.4	269.665
1506.07	264.574
1508.73	265.074
1511.39	267.074
1514.06	251.489
1516.72	211.048
1519.38	227.769
1522.04	253.162
1524.7	294.448
1527.36	329.311
1530.01	352.025
1532.67	375.271
1535.32	389.483
1537.98	391.096
1540.63	389.212
1543.28	386.057
1545.93	383.013
1548.58	384.042
1551.23	393.461
1553.88	408.63
1556.53	429.974
1559.18	458.576
1561.82	492.94
1564.47	529.775
1567.11	563.587
1569.75	596.348
1572.4	658.389
1575.04	742.409
1577.68	841.433
1580.31	932.542
1582.95	971.24
1585.59	996.027
1588.23	953.366
1590.86	1070.94
1593.5	1402.25
1596.13	1817.57
1598.76	2524.84
1601.39	3413.82
1604.02	5094.58
1606.65	7773.55
1609.28	11442.8
1611.91	15157.5
1614.53	16863.3
1617.16	15597
1619.79	11761.1
1622.41	7144.14
1625.03	3847.19
1627.65	2164.53
1630.28	1466.79
1632.9	1011.61
1635.52	813.37
1638.13	695.311
1640.75	600.735
1643.37	539.308
1645.98	503.606
1648.6	463.285
1651.21	451.895
1653.82	435.749
1656.44	421.985
1659.05	395.541
1661.66	383.287
1664.27	387.683
1666.87	401.876
1669.48	416.313
1672.09	447.651
1674.69	481.316
1677.3	518.301
1679.9	557.814
1682.5	585.242
1685.1	604.514
1687.7	626.796
1690.3	637.994
1692.9	692.11
1695.5	790.586
1698.1	978.316
1700.69	1279.49
1703.29	1774.83
1705.88	2568.54
1708.48	4153.28
1711.07	6391.31
1713.66	8450.33
1716.25	9955.56
1718.84	10423.5
1721.43	9921.11
1724.02	8956.1
1726.6	8019.27
1729.19	7118.86
1731.77	6059.57
1734.36	4946.38
1736.94	3883.39
1739.52	3056.86
1742.1	2423.24
1744.68	1886.95
1747.26	1497.75
1749.84	1228.84
1752.42	1052.63
1755	953.173
1757.57	879.355
1760.15	799.704
1762.72	750.036
1765.29	695.885
1767.86	649.908
1770.44	616.575
1773.01	596.879
1775.58	583.277
1778.14	560.371
1780.71	542.994
1783.28	526.136
1785.84	519.177
1788.41	515.252
1790.97	499.194
1793.53	492.153
1796.1	488.406
1798.66	486.518
1801.22	485.577
1803.78	488.087
1806.34	490.555
1808.89	492.292
1811.45	486.641
1814.01	466.786
1816.56	445.567
1819.11	432.183
1821.67	432.874
1824.22	435.169
1826.77	442.429
1829.32	456.163
1831.87	477.28
1834.42	502.422
1836.96	550.824
1839.51	543.234
1842.06	472.429
1844.6	389.366
1847.14	398.036
1849.69	395.414
1852.23	427.985
1854.77	453.342
1857.31	473.544
1859.85	499.149
1862.39	542.178
1864.92	538.142
1867.46	537.872
1870	538.637
1872.53	546.89
1875.07	558.183
1877.6	573.762
1880.13	590.625
1882.66	606.643
1885.19	615.009
1887.72	615.336
1890.25	596.063
1892.78	580.268
1895.3	567.026
1897.83	560.138
1900.35	565.515
1902.88	577.294
1905.4	592.429
1907.92	609.902
1910.44	630.015
1912.96	640.324
1915.48	639.05
1918	638.61
1920.52	635.039
1923.04	627.401
1925.55	606.357
1928.07	581.877
1930.58	560.601
1933.09	549.458
1935.61	550.978
1938.12	554.479
1940.63	561.189
1943.14	566.614
1945.65	572.766
1948.15	578.582
1950.66	584.146
1953.17	588.741
1955.67	590.446
1958.18	583.613
1960.68	569.814
1963.18	562.412
1965.68	561.082
1968.18	567.195
1970.68	578.818
1973.18	596.059
1975.68	609.286
1978.18	622.342
1980.67	633.228
1983.17	648.466
1985.66	657.371
1988.15	667.813
1990.65	663.666
1993.14	646.761
1995.63	648.036
1998.12	625.861
2000.61	660.233
2003.1	670.237
2005.59	678.359
2008.07	686.312
2010.56	698.686
2013.04	703.267
2015.52	702.822
2018.01	699.625
2020.49	694.711
2022.97	687.739
2025.45	693.406
2027.93	692.521
2030.41	683.982
2032.89	680.775
2035.36	669.503
2037.84	651.462
2040.31	652.106
2042.79	652.979
2045.26	648.348
2047.73	662.547
2050.2	704.985
2052.67	713.514
2055.14	687.709
2057.61	628.394
2060.08	609.229
2062.55	595.819
2065.01	580.078
2067.48	561.613
2069.94	547.813
2072.41	540.014
2074.87	534.05
2077.33	525.925
2079.79	519.588
2082.25	516.523
2084.71	515.381
2087.17	512.664
2089.63	508.758
2092.08	492.068
2094.54	490.351
2096.99	515.476
2099.45	534.36
2101.9	550.203
2104.35	566.234
2106.8	574.318
2109.25	580.105
2111.7	588.949
2114.15	597.178
2116.6	599.074
2119.04	589.921
2121.49	576.541
2123.94	559.042
2126.38	542.834
2128.82	533.24
2131.27	524.091
2133.71	520.829
2136.15	522.295
2138.59	535.867
2141.03	555.387
2143.46	574.799
2145.9	591.224
2148.34	600.93
2150.77	613.856
2153.21	609.816
2155.64	613.116
2158.07	562.169
2160.51	528.284
2162.94	517.629
2165.37	518.077
2167.8	522.331
2170.23	524.045
2172.66	526.436
2175.08	529.092
2177.51	532.549
2179.93	533.847
2182.36	533.396
2184.78	519.137
2187.2	495.716
2189.62	469.888
2192.04	434.316
2194.47	394.668
2196.88	353.984
2199.3	334.251
2201.72	326.353
2204.14	329.396
2206.55	343.62
2208.97	364.483
2211.38	373.452
2213.79	370.481
2216.21	338.387
2218.62	331.494
2221.03	327.742
2223.44	331.97
2225.85	355.316
2228.25	392.381
2230.66	498.62
2233.07	695.661
2235.47	935.697
2237.88	1272.39
2240.28	1500.22
2242.68	1561.53
2245.08	1366.56
2247.49	1131.12
2249.89	889.624
2252.29	681.847
2254.68	516.828
2257.08	439.042
2259.48	377.878
2261.87	361.549
2264.27	378.658
2266.66	416.702
2269.06	441.813
2271.45	456.467
2273.84	454.75
2276.23	462.883
2278.62	466.529
2281.01	512.807
2283.4	468.815
2285.79	441.361
2288.17	428.465
2290.56	430.67
2292.94	444.863
2295.33	483.78
2297.71	486.028
2300.09	495.077
2302.47	496.683
2304.86	471.015
2307.23	469.547
2309.61	473.322
2311.99	474.965
2314.37	480.223
2316.75	485.994
2319.12	491.049
2321.49	491.95
2323.87	492.149
2326.24	492.235
2328.61	492.261
2330.99	492.905
2333.36	496.352
2335.73	491.204
2338.09	498.913
2340.46	507.186
2342.83	516.773
2345.2	519.647
2347.56	505.723
2349.92	484.87
2352.29	478.947
2354.65	471.96
2357.01	463.817
2359.38	456.731
2361.74	460.425
2364.09	470.184
2366.45	483.606
2368.81	488.7
2371.17	488.72
2373.52	481.747
2375.88	480.495
2378.23	470.53
2380.59	460.649
2382.94	449.274
2385.29	465.124
2387.64	484.7
2389.99	502.81
2392.34	509.952
2394.69	508.841
2397.04	504.9
2399.39	501.749
2401.73	492.259
2404.08	487.301
2406.42	487.743
2408.77	482.68
2411.11	492.802
2413.45	495.979
2415.79	503.606
2418.13	515.514
2420.47	527.401
2422.81	541.699
2425.15	557.167
2427.48	571.395
2429.82	575.443
2432.16	576.374
2434.49	565.247
2436.82	547.865
2439.16	526.528
2441.49	502.913
2443.82	496.594
2446.15	489.981
2448.48	485.741
2450.81	485.233
2453.14	474.003
2455.46	461.181
2457.79	449.468
2460.11	439.182
2462.44	430.916
2464.76	425.129
2467.08	422.294
2469.41	415.98
2471.73	411.57
2474.05	409.153
2476.37	407.585
2478.69	406.65
2481	406.709
2483.32	409.294
2485.64	412.966
2487.95	417.208
2490.27	415.857
2492.58	389.674
2494.89	358.031
2497.21	335.356
2499.52	310.839
2501.83	305.902
2504.14	310.955
2506.45	332.521
2508.75	361.148
2511.06	393.515
2513.37	432.048
2515.67	450.841
2517.98	458.349
2520.28	482.88
2522.58	514.62
2524.89	546.077
2527.19	563.814
2529.49	574.414
2531.79	568.648
2534.09	568.306
2536.39	572.77
2538.68	574.26
2540.98	563.472
2543.27	551.119
2545.57	538.955
2547.86	526.827
2550.16	517.982
2552.45	526.369
2554.74	534.876
2557.03	548.384
2559.32	552.937
2561.61	555.621
2563.9	543.72
2566.19	515.398
2568.47	500.504
2570.76	486.089
2573.04	487.979
2575.33	501.992
2577.61	523.178
2579.89	546.054
2582.18	566.186
2584.46	579.218
2586.74	590.396
2589.02	599.616
2591.29	607.871
2593.57	614.195
2595.85	622.952
2598.12	627.591
2600.4	623.779
2602.67	613.796
2604.95	583.366
2607.22	563.279
2609.49	554.934
2611.76	564.329
2614.04	590.253
2616.31	586.897
2618.57	583.5
2620.84	577.388
2623.11	566.944
2625.38	549.717
2627.64	527.403
2629.91	502.755
2632.17	484.495
2634.43	474.312
2636.7	481.885
2638.96	490.733
2641.22	502.438
2643.48	502.459
2645.74	496.903
2648	491.185
2650.25	480.679
2652.51	470.966
2654.77	457.76
2657.02	452.28
2659.27	449.727
2661.53	445.751
2663.78	436.684
2666.03	427.032
2668.28	413.238
2670.53	391.7
2672.78	398.283
2675.03	402.32
2677.28	400.781
2679.53	392.403
2681.77	382.699
2684.02	375.591
2686.26	368.935
2688.51	363.594
2690.75	371.859
2692.99	385.516
2695.23	400.895
2697.48	415.255
2699.72	430.734
2701.96	450.399
2704.19	471.671
2706.43	505.315
2708.67	539.096
2710.9	574.087
2713.14	605.772
2715.37	619.528
2717.61	637.934
2719.84	651.353
2722.07	659.563
2724.3	658.898
2726.53	659.848
2728.76	659.656
2730.99	660.62
2733.22	648.929
2735.45	631.87
2737.67	611.649
2739.9	591.561
2742.12	573.456
2744.35	556.438
2746.57	539.098
2748.79	527.313
2751.01	518.93
2753.23	512.205
2755.45	508.766
2757.67	506.101
2759.89	500.516
2762.11	495.976
2764.33	493.35
2766.54	491.334
2768.76	489.484
2770.97	489.852
2771.92	490.803
2774.17	497.372
2776.42	496.478
2778.66	487.902
2780.91	474.038
2783.15	459.497
2785.4	443.477
2787.64	425.703
2789.88	407.09
2792.13	387.702
2794.37	369.697
2796.61	351.66
2798.85	340.107
2801.09	346.085
2803.33	376.244
2805.56	400.736
2807.8	404.708
2810.04	403.072
2812.27	405.252
2814.51	416.047
2816.74	436.738
2818.97	468.087
2821.21	516.605
2823.44	586.588
2825.67	684.202
2827.9	829.007
2830.13	1025.48
2832.36	1255.62
2834.59	1536.79
2836.82	1856.81
2839.04	2200.9
2841.27	2551.9
2843.49	2900.7
2845.72	3234.6
2847.95	3525.1
2850.17	3837.89
2852.39	4158.48
2854.61	4500.27
2856.84	4903.28
2859.06	5356.84
2861.27	5921.32
2863.49	6553.12
2865.71	7229.71
2867.93	7779.22
2870.15	8204.58
2872.36	8497.76
2874.58	8645.27
2876.8	8626.07
2879.01	8489.47
2881.22	8326.12
2883.44	8181.86
2885.65	8136.94
2887.86	8224.74
2890.07	8431.77
2892.28	8633.28
2894.49	8847.93
2896.7	9069.33
2898.91	9239.85
2901.12	9416.57
2903.32	9596.47
2905.53	9765.26
2907.73	9968.84
2909.94	10216.8
2912.14	10506.6
2914.35	10852.2
2916.55	11245.8
2918.75	11671
2920.95	12084.3
2923.15	12442.3
2925.35	12732.1
2927.55	12938.3
2929.75	13074.4
2931.95	13099.7
2934.14	13028
2936.34	12820.2
2938.54	12529.1
2940.73	12180.8
2942.92	11845.4
2945.12	11564.9
2947.31	11457.7
2949.5	11402.2
2951.69	11412.9
2953.88	11430.9
2956.07	11374.9
2958.26	11220.3
2960.45	10915.1
2962.64	10549.8
2964.83	9880.19
2967.01	9219.02
2969.2	8524.32
2971.38	7781.24
2973.57	7047.89
2975.75	6352.46
2977.93	5768.77
2980.12	5267.99
2982.3	4858.24
2984.48	4505.13
2986.66	4218.64
2988.84	3989.24
2991.02	3802.01
2993.2	3654.68
2995.37	3522.69
2997.55	3385.83
2999.73	3247.19
3001.9	3105.85
3004.08	2944.25
3006.25	2768.23
3008.43	2592.43
3010.6	2426.43
3012.77	2270.07
3014.94	2125.47
3017.11	1998.45
3019.28	1883.08
3021.45	1812.25
3023.62	1752.5
3025.79	1694.27
3027.95	1635.52
3030.12	1575.67
3032.29	1533.3
3034.45	1483.14
3036.62	1438.11
3038.78	1401.95
3040.94	1372.45
3043.1	1355.54
3045.27	1354.69
3047.43	1374.61
3049.59	1419.06
3051.75	1485.19
3053.91	1573.72
3056.06	1688.64
3058.22	1846.33
3060.38	2024.36
3062.53	2226.87
3064.69	2450.54
3066.84	2683.02
3069	2940.28
3071.15	3226.63
3073.31	3539.78
3075.46	3850.09
3077.61	4079.24
3079.76	4186.36
3081.91	4062.76
3084.06	3679.68
3086.21	3215.16
3088.35	2693.69
3090.5	2188.07
3092.65	1850.07
3094.79	1568.97
3096.94	1382.09
3099.08	1234.69
3101.23	1130.42
3103.37	1058.46
3105.51	991.84
3107.66	932.411
3109.8	879.206
3111.94	838.784
3114.08	805.872
3116.21	776.63
3118.35	748.023
3120.49	715.157
3122.63	689.726
3124.76	690.464
3126.9	693.881
3129.04	697.627
3131.17	693.349
3133.3	678.669
3135.44	644.171
3137.57	630.125
3139.7	618.278
3141.83	618.995
3143.96	624.463
3146.09	639.396
3148.22	655.932
3150.35	668.271
3152.48	675.733
3154.6	669.569
3156.73	654.068
3158.85	631.756
3160.98	599.619
3163.1	554.361
3165.23	505.235
3167.35	458.064
3169.47	444.695
3171.59	428.352
3173.71	439.087
3175.83	458.013
3177.95	483.47
3180.07	515.122
3182.19	551.145
3184.31	585.821
3186.42	602.221
3188.54	604.968
3190.66	612.19
3192.77	614.785
3194.88	617.84
3197	614.53
3199.11	607.87
3201.22	603.835
3203.33	601.862
3205.44	614.612
3207.55	633.284
3209.66	662.881
3211.77	692.357
3213.88	714.264
3215.99	729.054
3218.09	728.619
3220.2	701.283
3222.3	691.091
3224.41	690.407
3226.51	702.332
3228.62	677.905
3230.72	659.809
3232.82	640.132
3234.92	611.012
3237.02	576.874
3239.12	550.096
3241.22	537.147
3243.32	528.45
3245.42	525.438
3247.52	513.896
3249.61	506.381
3251.71	502.539
3253.8	509.481
3255.9	510.38
3257.99	514.457
3260.08	518.683
3262.18	517.71
3264.27	512.765
3266.36	509.021
3268.45	492.161
3270.54	478.513
3272.63	463.053
3274.72	465.123
3276.81	468.007
3278.89	473.047
3280.98	484.937
3283.07	489.341
3285.15	497.836
3287.24	507.71
3289.32	510.263
3291.4	505.031
3293.49	483.694
3295.57	474.696
3297.65	467.527
3299.73	460.606
3301.81	458.129
3303.89	458.917
3305.97	459.81
3308.05	459.563
3310.12	460.411
3312.2	461.039
3314.28	464.567
3316.35	468.659
3318.43	471.52
3320.5	473.12
3322.57	471.424
3324.65	475.63
3326.72	473.13
3328.79	475.505
3330.86	495.767
3332.93	491.819
3335	485.896
3337.07	476.158
3339.14	461.36
3341.2	454.761
3343.27	452.803
3345.34	461.615
3347.4	454.946
3349.47	450.165
3351.53	445.557
3353.59	435.253
3355.66	420.138
3357.72	408.184
3359.78	400.119
3361.84	396.539
3363.9	396.58
3365.96	398.6
3368.02	404.313
3370.08	408.217
3372.14	399.708
3374.19	381.004
3376.25	351.046
3378.3	338.269
3380.36	343.503
3382.41	347.276
3384.47	353.739
3386.52	363.017
3388.57	374.833
3390.62	384.531
3392.67	381.99
3394.72	377.989
3396.77	371.567
3398.82	364.245
3400.87	355.31
3402.92	346.411
3404.97	342.563
3407.01	343.83
3409.06	348.698
3411.1	355.327
3413.15	359.44
3415.19	361.159
3417.23	361.447
3419.28	359.951
3421.32	357.094
3423.36	352.118
3425.4	350.978
3427.44	357.475
3429.48	363.269
3431.52	370.207
3433.56	376.449
3435.59	378.646
3437.63	375.908
3439.67	359.493
3441.7	347.5
3443.73	350.664
3445.77	351.024
3447.8	348.691
3449.84	341.509
3451.87	327.977
3453.9	310.535
3455.93	304.425
3457.96	302.667
3459.99	305.208
3462.02	312.386
3464.04	328.977
3466.07	328.298
3468.1	322.69
3470.13	315.699
3472.15	315.699
3474.18	315.699
3476.2	315.699
3478.22	315.699
3480.25	315.699
3482.27	315.699
3484.29	315.699
3486.31	315.699
3488.33	315.699
3490.35	315.699
3492.37	315.699
3494.39	315.699
3496.41	315.699
3498.42	315.699
