102.528	582.865
105.558	412.819
108.585	366.928
111.611	224.843
114.636	230.191
117.66	144.413
120.681	94.8022
123.702	108.741
126.721	140.742
129.737	172.98
132.753	151.975
135.768	109.717
138.781	214.241
141.792	161.59
144.802	193.688
147.811	224.487
150.818	215.768
153.824	187.151
156.828	155.438
159.831	158.658
162.832	134.274
165.832	143.162
168.83	124.126
171.827	69.244
174.822	87.0461
177.816	23.2192
180.809	50.4481
183.8	12.4586
186.79	39.7382
189.778	30.0505
192.764	33.9039
195.75	50.1239
198.734	46.9175
201.716	70.153
204.697	54.0114
207.676	64.5166
210.654	82.3972
213.631	93.1745
216.606	67.3266
219.579	100.467
222.552	64.5166
225.523	66.2439
228.492	81.2975
231.46	68.0783
234.427	64.5166
237.391	71.2277
240.355	64.5166
243.317	85.7251
246.278	83.1814
249.237	2.90448
252.195	86.856
255.151	78.7669
258.107	76.2285
261.06	20.7148
264.012	92.8255
266.963	64.5166
269.913	124.042
272.86	73.6038
275.806	38.2355
278.752	16.5331
281.695	20.3278
284.637	0
287.579	8.13629
290.518	32.9171
293.456	3.88165
296.392	46.2595
299.327	38.7288
302.261	92.5479
305.193	80.1599
308.124	95.1125
311.053	102.484
313.981	62.6255
316.908	109.151
319.833	92.8844
322.756	78.2271
325.679	108.602
328.6	120.146
331.52	216.16
334.438	145.701
337.355	206.785
340.269	177.16
343.184	229.011
346.096	294.16
349.007	329.307
351.917	373.885
354.826	448.755
357.732	482.646
360.637	542.697
363.541	564.116
366.445	528.528
369.346	472.54
372.245	394.762
375.144	350.5
378.041	302.221
380.937	248.79
383.831	216.446
386.724	194.315
389.615	160.38
392.506	160.107
395.395	136.828
398.281	83.3175
401.167	116.167
404.052	93.5216
406.936	50.2448
409.817	75.6935
412.698	69.1917
415.576	93.8875
418.455	67.5568
421.33	66.9464
424.206	55.5417
427.079	112.84
429.951	95.8593
432.822	112.788
435.691	75.6559
438.559	70.4527
441.426	69.2198
444.291	61.5227
447.155	74.4658
450.017	64.5166
452.878	70.6398
455.738	35.8671
458.597	64.5166
461.454	68.8629
464.31	74.9219
467.163	64.5166
470.016	89.3239
472.868	64.5166
475.718	92.2012
478.567	81.3495
481.415	115.231
484.26	101.864
487.105	90.9334
489.949	64.5166
492.79	58.9557
495.631	130.129
498.471	64.5166
501.308	70.535
504.145	69.2296
506.98	84.3024
509.813	64.5166
512.646	117.491
515.477	99.8785
518.307	144.125
521.135	111.075
523.963	148.069
526.789	132.012
529.612	105.823
532.435	159.658
535.258	120.409
538.077	158.602
540.897	183.99
543.714	109.533
546.531	151.572
549.345	191.597
552.158	114.627
554.971	197.555
557.782	170.579
560.591	125.543
563.399	175.833
566.206	138.809
569.012	151.365
571.816	192.368
574.619	142.74
577.42	184.546
580.221	206.496
583.02	163.572
585.817	177.497
588.613	185.71
591.408	252.42
594.201	298.1
596.994	330.186
599.784	496.953
602.574	539.088
605.362	692.184
608.149	895.909
610.935	1000.22
613.719	1083.94
616.502	1156.36
619.283	1182.79
622.063	1247.29
624.842	1292.23
627.62	1397.17
630.396	1520.28
633.171	1631.4
635.944	1711.48
638.717	1659.38
641.488	1591.35
644.257	1517.92
647.026	1366.96
649.792	1165.27
652.559	1043.3
655.323	889.347
658.086	743.468
660.848	678.81
663.608	586.569
666.367	609.506
669.125	657.399
671.881	718.962
674.637	758.132
677.391	847.237
680.143	995.555
682.895	1127.84
685.645	1190.03
688.393	1275.2
691.141	1327.55
693.887	1351.53
696.631	1315.78
699.375	1270.77
702.117	1256.42
704.858	1046.69
707.598	1037.97
710.336	871.53
713.073	688.605
715.808	565.425
718.542	483.474
721.276	408.427
724.007	358.26
726.738	312.069
729.467	275.123
732.195	261.393
734.921	200.466
737.647	185.722
740.371	179.675
743.094	178.604
745.816	175.315
748.535	118.63
751.254	116.676
753.971	130.384
756.688	126.716
759.403	150.729
762.117	112.795
764.829	79.4696
767.54	126.383
770.25	104.019
772.959	105.385
775.666	98.8814
778.372	120.666
781.077	163.23
783.78	64.1752
786.483	69.2809
789.183	64.5166
791.883	118.471
794.582	67.358
797.278	130.56
799.974	106.961
802.669	122.499
805.363	64.5166
808.055	108.671
810.745	87.2595
813.434	159.738
816.122	126.653
818.81	125.291
821.495	129.211
824.179	82.04
826.863	183.057
829.544	166.068
832.225	183.116
834.904	199.449
837.582	109.21
840.259	193.195
842.935	155.013
845.609	168.415
848.282	173.447
850.954	145.872
853.624	197.54
856.293	96.4919
858.962	117.317
861.629	162.149
864.294	116.559
866.958	123.29
869.621	87.8702
872.283	114.851
874.943	98.5771
877.602	158.426
880.26	74.3672
882.917	80.7023
885.573	46.8047
888.227	112.269
890.879	53.4368
893.531	100.799
896.182	87.7816
898.831	66.8388
901.479	62.8956
904.126	95.0922
906.771	68.0745
909.415	74.5629
912.058	77.0469
914.7	105.09
917.341	35.7652
919.98	103.45
922.618	67.1996
925.255	84.5021
927.89	84.9139
930.524	93.1331
933.157	81.1759
935.789	74.0295
938.419	106.553
941.049	99.8742
943.677	70.1001
946.304	76.2678
948.93	127.698
951.554	111.076
954.178	143.146
956.8	139.003
959.421	113.224
962.04	169.667
964.659	181.641
967.275	159.457
969.891	117.866
972.506	148.524
975.119	149.898
977.731	144.478
980.342	93.733
982.952	175.097
985.56	113.868
988.168	99.3323
990.774	82.7555
993.378	46.5653
995.982	193.168
998.584	135.436
1001.19	170.523
1003.79	135.155
1006.38	150.838
1008.98	105.052
1011.58	96.8284
1014.17	126.393
1016.77	118.811
1019.36	96.4284
1021.95	167.711
1024.54	133.759
1027.13	112.473
1029.72	126.266
1032.3	174.314
1034.89	151.313
1037.47	108.114
1040.06	138.72
1042.64	139.181
1045.22	156.386
1047.8	89.0694
1050.38	185.214
1052.95	158.04
1055.53	151.386
1058.1	131.449
1060.68	131.039
1063.25	167.571
1065.82	231.411
1068.39	165.24
1070.96	175.453
1073.53	156.17
1076.09	255.85
1078.66	190.985
1081.22	283.993
1083.78	218.325
1086.35	286.774
1088.91	198.262
1091.46	289.623
1094.02	247.173
1096.58	283.352
1099.13	327.414
1101.69	208.534
1104.24	297.373
1106.79	305.4
1109.34	194.02
1111.89	280.213
1114.44	257.676
1116.99	286.825
1119.54	226.513
1122.08	239.174
1124.62	127.681
1127.17	182.376
1129.71	160.335
1132.25	184.275
1134.79	114.96
1137.32	87.9619
1139.86	143.483
1142.4	53.9214
1144.93	168.269
1147.46	1.0887
1149.99	127.724
1152.52	116.55
1155.05	64.5166
1157.58	124.855
1160.11	113.784
1162.63	255.333
1165.16	253.642
1167.68	270.444
1170.21	315.985
1172.73	236.496
1175.25	306.86
1177.77	310.15
1180.28	302.291
1182.8	299.131
1185.31	311.273
1187.83	253.242
1190.34	256.059
1192.85	252.638
1195.36	205.383
1197.87	225.875
1200.38	219.103
1202.89	139.648
1205.4	244.128
1207.9	176.979
1210.4	186.572
1212.91	131.237
1215.41	161.448
1217.91	174.311
1220.41	144.74
1222.9	114.995
1225.4	196.535
1227.9	85.1268
1230.39	148.625
1232.88	134.862
1235.38	213.696
1237.87	179.094
1240.36	180.664
1242.85	201.208
1245.33	216.375
1247.82	145.615
1250.3	239.939
1252.79	216.158
1255.27	225.189
1257.75	204.38
1260.23	213.674
1262.71	183.103
1265.19	174.363
1267.67	271.348
1270.15	238.783
1272.62	214.202
1275.09	225.183
1277.57	227.287
1280.04	175.943
1282.51	264.597
1284.98	226.035
1287.45	246.624
1289.91	228.738
1292.38	289.164
1294.84	234.234
1297.31	385.05
1299.77	294.146
1302.23	353.324
1304.69	346.34
1307.15	407.551
1309.61	467.375
1312.06	449.492
1314.52	401.613
1316.97	440.932
1319.43	442.33
1321.88	405.151
1324.33	353.848
1326.78	438.11
1329.23	435.642
1331.67	386.492
1334.12	500.127
1336.57	329.904
1339.01	357.639
1341.45	348.894
1343.9	283.345
1346.34	276.485
1348.78	226.474
1351.22	253.413
1353.65	232.784
1356.09	251.814
1358.52	164.479
1360.96	248.413
1363.39	212.508
1365.82	158.953
1368.25	179.489
1370.68	157.652
1373.11	226.085
1375.54	202.082
1377.96	145.174
1380.39	140.387
1382.81	109.872
1385.24	159.438
1387.66	170.253
1390.08	117.753
1392.5	107.851
1394.92	121.175
1397.33	86.7093
1399.75	145.326
1402.17	122.334
1404.58	136.704
1406.99	116.381
1409.41	175.238
1411.81	175.49
1414.22	272.321
1416.63	256.755
1419.04	317.347
1421.45	390.005
1423.85	497.585
1426.26	582.176
1428.66	569.213
1431.06	586.349
1433.46	516.648
1435.86	551.983
1438.26	507.287
1440.66	451.708
1443.05	301.187
1445.45	268.217
1447.84	186.935
1450.24	201.291
1452.63	178.442
1455.02	136.359
1457.41	164.982
1459.8	152.146
1462.18	137.87
1464.57	156.173
1466.96	124.416
1469.34	104.444
1471.72	124.513
1474.11	77.5835
1476.49	134.534
1478.87	64.5166
1481.25	110.95
1483.62	92.2984
1486	110.597
1488.38	107.338
1490.75	111.123
1493.12	47.5975
1495.5	178.041
1497.87	69.0735
1500.24	120.819
1502.61	126.361
1504.97	107.452
1507.34	95.5361
1509.71	120.447
1512.07	125.695
1514.43	64.5166
1516.8	86.5776
1519.16	101.162
1521.52	64.5166
1523.88	100.723
1526.24	120.117
1528.59	109.899
1530.95	113.821
1533.3	76.7006
1535.66	87.3183
1538.01	107.279
1540.36	126.869
1542.71	95.5576
1545.06	126.725
1547.41	101.09
1549.76	115.374
1552.11	122.081
1554.45	150.566
1556.8	93.1779
1559.14	80.2728
1561.48	84.3016
1563.82	99.054
1566.16	134.809
1568.5	63.8774
1570.84	101.398
1573.18	208.158
1575.51	90.5396
1577.85	91.3057
1580.18	83.1364
1582.51	112.047
1584.84	128.089
1587.17	93.7656
1589.5	100.615
1591.83	115.174
1594.16	133.868
1596.48	152.641
1598.81	64.5166
1601.13	141.508
1603.46	134.975
1605.78	107.523
1608.1	195.936
1610.42	116.036
1612.74	159.939
1615.06	128.981
1617.37	155.519
1619.69	162.411
1622	60.8244
1624.32	98.8332
1626.63	141.061
1628.94	115.421
1631.25	121.897
1633.56	147.692
1635.87	105.342
1638.17	115.898
1640.48	100.159
1642.78	111.129
1645.09	99.9513
1647.39	115.969
1649.69	197.007
1652	111.119
1654.29	73.6488
1656.59	192.994
1658.89	144.444
1661.19	64.5166
1663.48	146.137
1665.78	178.876
1668.07	167.372
1670.36	78.3737
1672.66	138.469
1674.95	116.874
1677.24	133.196
1679.52	113.445
1681.81	99.7028
1684.1	100.359
1686.38	136.903
1688.67	108.826
1690.95	141.444
1693.23	64.5166
1695.51	153.244
1697.79	60.9675
1700.07	87.6643
1702.35	127.144
1704.63	84.4046
1706.9	120.119
1709.18	151.628
1711.45	98.8325
1713.72	121.387
1716	153.028
1718.27	167.637
1720.54	53.7305
1722.81	187.912
1725.07	120.022
1727.34	136.514
1729.61	113.319
1731.87	140.276
1734.13	78.7462
1736.4	112.379
1738.66	127.372
1740.92	117.016
1743.18	109.053
1745.44	145.156
1747.69	164.994
1749.95	64.5166
1752.21	144.247
1754.46	102.172
1756.71	122.985
1758.97	119.802
1761.22	111.317
1763.47	142.794
1765.72	152.603
1767.96	39.8435
1770.21	141.307
1772.46	113.422
1774.7	97.116
1776.95	98.2284
1779.19	116.337
1781.43	166.101
1783.67	104.165
1785.91	163.412
1788.15	166.723
1790.39	133.801
1792.63	160.185
1794.86	64.5166
1797.1	139.002
1799.33	144.027
1801.57	117.199
1803.8	117.117
1806.03	127.478
1808.26	143.323
1810.49	180.229
1812.72	137.853
1814.94	93.382
1817.17	177.153
1819.4	135.171
1821.62	163.223
1823.84	15.9871
1826.06	97.5417
1828.29	195.866
1830.51	132.751
1832.72	108.061
1834.94	136.447
1837.16	98.6465
1839.38	160.389
1841.59	120.67
1843.8	121.915
1846.02	150.06
1848.23	97.6311
1850.44	172.163
1852.65	184.805
1854.86	132.105
1857.07	232.635
1859.27	171.063
1861.48	115.456
1863.69	80.2444
1865.89	189.314
1868.09	160.27
1870.29	145.6
1872.5	136.599
1874.7	125.027
1876.9	134.677
1879.09	169.87
1881.29	144.359
1883.49	178.286
1885.68	174.111
1887.88	92.5201
1890.07	179.677
1892.26	137.742
1894.45	175.937
1896.64	118
1898.83	127.149
1901.02	117.818
1903.21	188.024
1905.39	140.042
1907.58	130.729
1909.76	168.796
1911.95	223.998
1914.13	207.688
1916.31	130.399
1918.49	158.365
1920.67	142.492
1922.85	128.747
1925.03	228.182
1927.2	150.603
1929.38	126.611
1931.55	172.02
1933.73	149.595
1935.9	64.5166
1938.07	239.831
1940.24	152.175
1942.41	114.15
1944.58	171.068
1946.75	153.737
1948.91	216.205
1951.08	130.936
1953.24	173.996
1955.41	132.681
1957.57	105.482
1959.73	170.437
1961.89	113.587
1964.05	115.136
1966.21	188.294
1968.37	139.593
1970.53	74.9634
1972.68	128.311
1974.84	63.3462
1976.99	109.563
1979.15	174.686
1981.3	117.327
1983.45	109.847
1985.6	203.89
1987.75	64.5166
1989.9	95.2734
1992.04	169.745
1994.19	109.382
1996.34	152.407
1998.48	78.5904
