100.901	9886.05
104.069	8536.94
107.237	7390.18
110.403	6687.86
113.568	6002.37
116.732	5251.79
119.895	4768.8
123.056	4404.67
126.217	4098.87
129.377	3766.21
132.533	3582.47
135.691	3471.93
138.847	3606.67
142	3631.71
145.155	3533.66
148.306	3560.22
151.458	3257.41
154.609	3211.02
157.757	3002.44
160.904	2970.89
164.052	2933.97
167.197	2847.37
170.342	2988.97
173.485	3027.61
176.627	2961.52
179.767	2949.83
182.909	2706.13
186.047	2481.92
189.184	2143.4
192.321	1795.61
195.456	1488.69
198.59	1098.03
201.723	936.492
204.855	721.086
207.986	425.855
211.116	429.479
214.245	272.473
217.373	332.367
220.497	272.473
223.623	272.473
226.748	272.473
229.869	272.473
232.992	272.473
236.114	272.473
239.232	268.563
242.351	283.275
245.468	363.76
248.585	354.336
251.699	379.432
254.814	293.219
257.926	252.395
261.038	328.127
264.15	420.566
267.259	418.508
270.366	441.172
273.473	382.688
276.579	608.922
279.686	513.029
282.79	534.029
285.893	687.117
288.994	813.879
292.095	873.049
295.194	960.191
298.291	1116.57
301.388	1258.84
304.485	1369.61
307.58	1533.36
310.675	1604.45
313.766	1635.12
316.858	1736.16
319.95	1683.22
323.038	1729.63
326.127	1817.51
329.213	1847.82
332.3	1969.21
335.384	2071.04
338.47	2306.76
341.552	2454.97
344.633	2664.58
347.712	2998.66
350.793	3387.94
353.871	3910.71
356.948	4277.43
360.024	4653.25
363.099	4688.61
366.173	4377.68
369.245	3754.98
372.317	3305.21
375.388	2878.59
378.458	2503.85
381.526	2240.31
384.594	1916.48
387.66	1799.56
390.724	1607.88
393.789	1426.11
396.852	1462.3
399.913	1484.58
402.974	1328.09
406.033	1351.29
409.092	1288.43
412.148	1250.6
415.206	1179.19
418.26	1109.44
421.316	1150.01
424.368	1177.27
427.419	1107.76
430.47	1144.32
433.521	895.014
436.569	881.268
439.617	689.129
442.663	605.252
445.708	468.258
448.752	445.494
451.796	461.242
454.838	400.402
457.877	404.197
460.917	471.424
463.956	448.336
466.995	614.953
470.03	605.627
473.066	590.473
476.101	716.529
479.133	653.012
482.166	733.889
485.197	812.225
488.228	843.518
491.256	965.145
494.283	1025.86
497.311	1053.07
500.336	1019.25
503.36	1008.74
506.383	826.141
509.408	818.682
512.429	810.795
515.449	662.531
518.468	612.5
521.486	771.535
524.503	634.197
527.517	751.713
530.532	889.875
533.546	994.238
536.56	1096.21
539.572	1151.59
542.581	1231.72
545.591	1321.64
548.598	1291.68
551.606	1400.46
554.612	1399.95
557.618	1421.79
560.621	1408.92
563.625	1474.27
566.626	1593.7
569.627	1596.22
572.626	1657.75
575.626	1569.17
578.623	1588.95
581.62	1640.81
584.615	1714.1
587.609	1803.62
590.602	1907.37
593.595	2183.63
596.586	2590.59
599.574	3331.71
602.564	4377.98
605.552	5695.16
608.54	6871.5
611.524	7514.47
614.509	7935.58
617.492	8292.27
620.475	8379.39
623.456	8722.69
626.437	9543.25
629.416	10823.9
632.394	12285.4
635.372	12999.1
638.348	12591.3
641.322	11627.1
644.296	10174.9
647.269	8880.39
650.24	8097.96
653.211	7053.92
656.181	6025.06
659.15	5183.06
662.118	4457.73
665.085	4169.76
668.05	4329.36
671.013	4644.12
673.977	5202.87
676.94	5736.14
679.9	6274.85
682.861	6944.72
685.819	7767.22
688.779	8164.44
691.735	8441.25
694.69	8454.03
697.646	8231.19
700.599	7822.75
703.552	7282.42
706.503	6467.58
709.453	5605.27
712.403	4683.19
715.351	3958.1
718.299	3045.8
721.245	2708.76
724.191	2209.01
727.135	2093.17
730.079	1693.36
733.02	1510.92
735.961	1317.75
738.902	1124.7
741.84	1036.61
744.779	949.301
747.715	863.094
750.652	743.803
753.586	646.227
756.519	685.055
759.453	580.563
762.384	481.139
765.314	371.791
768.243	402.041
771.172	409.219
774.099	347.582
777.025	389.934
779.951	390.795
782.875	326.236
785.799	298.977
788.721	290.521
791.641	252.559
794.562	201.727
797.481	242.457
800.398	288.111
803.316	373.564
806.231	317.133
809.145	368.609
812.06	484.07
814.972	597.627
817.883	610.922
820.795	742.5
823.704	863.908
826.613	1040.67
829.52	1171.94
832.427	1163.49
835.332	1365.42
838.237	1251.69
841.14	1267.99
844.041	1265.37
846.943	1257.69
849.844	1249.31
852.743	1230.3
855.64	1247.56
858.538	1168.77
861.434	1160.55
864.33	1065.66
867.223	947.387
870.115	932.721
873.008	863.563
875.899	841.592
878.788	769.977
881.677	776.631
884.565	792.613
887.451	812.756
890.337	737.514
893.222	719.936
896.106	759.693
898.989	743.852
901.869	811.291
904.75	827.377
907.63	920.725
910.508	837.938
913.386	982.775
916.261	1016.09
919.138	1027.42
922.012	1043.63
924.884	1112.41
927.758	1081.93
930.629	1172.78
933.499	1306.6
936.368	1211.03
939.236	1201.14
942.103	1215.61
944.969	1085.23
947.835	1120.54
950.699	1028.02
953.562	1024.29
956.423	1199.44
959.285	1184.7
962.145	1406.14
965.003	1386.12
967.862	1616.52
970.718	1532.43
973.575	1416.31
976.43	1174.65
979.283	1069.34
982.135	946.172
984.987	1161.62
987.839	996.488
990.689	1015.71
993.538	1034.17
996.385	1001.43
999.23	1048.43
1002.08	1120.03
1004.92	1124.97
1007.77	1139.03
1010.61	1205.99
1013.45	1194.43
1016.29	1175.89
1019.13	1228.1
1021.97	1204.41
1024.81	1209.96
1027.64	1138.26
1030.48	1178.86
1033.31	1169.59
1036.15	1180.39
1038.98	1249.82
1041.81	1260
1044.64	1219.46
1047.47	1228.9
1050.3	1230.48
1053.12	1154.61
1055.95	1224.73
1058.78	1285.54
1061.6	1319.02
1064.42	1414.38
1067.25	1447.6
1070.07	1501.6
1072.89	1666.79
1075.71	1721.02
1078.53	1806.75
1081.34	1891.27
1084.16	2118.09
1086.97	2283.47
1089.79	2410.71
1092.6	2492.55
1095.41	2658.45
1098.23	2780.94
1101.04	2738.32
1103.85	2832.85
1106.65	2827.26
1109.46	2795.61
1112.27	2941.13
1115.07	3157.32
1117.88	3401.35
1120.68	3531.48
1123.48	3500.04
1126.28	3382.23
1129.08	3189.77
1131.88	2826.67
1134.68	2324.38
1137.48	1932.3
1140.27	1666.8
1143.07	1560.16
1145.86	1251.83
1148.66	1334.3
1151.45	1258.13
1154.24	1166.24
1157.03	1300.52
1159.82	1460.34
1162.61	1754.88
1165.39	2188.02
1168.18	2364.62
1170.97	2593.21
1173.75	2548.86
1176.53	2681.18
1179.32	2662.2
1182.1	2674.42
1184.88	2577.29
1187.66	2478.67
1190.43	2416.26
1193.21	2229.73
1195.99	2247.78
1198.76	2044.26
1201.54	1922.89
1204.31	1800.53
1207.08	1649.66
1209.85	1499.32
1212.63	1328.65
1215.39	1216.35
1218.16	1185.37
1220.93	1146.31
1223.7	1100.22
1226.46	1136.37
1229.23	1077.65
1231.99	1125.05
1234.75	1292.48
1237.51	1303.47
1240.27	1314.11
1243.03	1398.33
1245.79	1469.84
1248.55	1483.98
1251.31	1623.52
1254.06	1618.4
1256.82	1663.74
1259.57	1656.82
1262.32	1598.81
1265.07	1454.19
1267.82	1532.89
1270.57	1409.11
1273.32	1364.52
1276.07	1282.93
1278.82	1247.33
1281.56	1299.49
1284.31	1301
1287.05	1436.46
1289.79	1516.24
1292.54	1742.05
1295.28	1839.75
1298.02	1938.48
1300.75	2382.13
1303.49	2523.29
1306.23	2790.46
1308.97	2972.44
1311.7	3057.19
1314.43	3240.52
1317.17	3197.44
1319.9	3298.01
1322.63	3086.83
1325.36	3192.76
1328.09	3331.91
1330.82	3373.44
1333.54	3294.36
1336.27	3136.26
1339	2801.76
1341.72	2450.16
1344.44	2074.75
1347.17	1744.49
1349.89	1527.81
1352.61	1519.55
1355.33	1506.81
1358.04	1375.66
1360.76	1289.93
1363.48	1266.73
1366.19	1220.42
1368.91	1068.63
1371.62	840.398
1374.33	768.525
1377.05	614.92
1379.76	681.732
1382.47	627.219
1385.17	544.334
1387.88	395.254
1390.59	377.08
1393.29	272.473
1396	272.473
1398.7	272.473
1401.41	272.473
1404.11	272.473
1406.81	360.545
1409.51	694.371
1412.21	946.504
1414.91	1453.97
1417.6	1931.48
1420.3	2695.51
1422.99	3802.09
1425.69	4746.74
1428.38	5041.87
1431.07	5014.52
1433.76	4932
1436.45	4570.47
1439.14	3933.65
1441.83	3046.88
1444.52	2337.93
1447.21	1686.85
1449.89	1315.15
1452.58	1180.4
1455.26	971.301
1457.94	922.803
1460.62	840.926
1463.3	702.045
1465.99	613.717
1468.66	489.4
1471.34	502.588
1474.02	502.561
1476.7	467.295
1479.37	408.221
1482.04	382.979
1484.72	335.137
1487.39	326.426
1490.06	475.977
1492.73	634.988
1495.4	770.686
1498.07	846.957
1500.74	929.295
1503.4	1092.92
1506.07	1285.25
1508.73	1480.87
1511.39	1474.98
1514.06	1510.52
1516.72	1523.66
1519.38	1409.18
1522.04	1219.14
1524.7	1160.22
1527.36	978.676
1530.01	810.844
1532.67	658.1
1535.32	532.455
1537.98	472.76
1540.63	479.686
1543.28	505.893
1545.93	333.373
1548.58	393.734
1551.23	296.188
1553.88	363.035
1556.53	272.473
1559.18	361.953
1561.82	360.318
1564.47	306.734
1567.11	293.289
1569.75	428.104
1572.4	319.744
1575.04	382.48
1577.68	382.957
1580.31	472.678
1582.95	469.502
1585.59	429.064
1588.23	488.348
1590.86	510.883
1593.5	447.469
1596.13	400.816
1598.76	432.221
1601.39	459.357
1604.02	446.258
1606.65	597.672
1609.28	704.215
1611.91	777.965
1614.53	838.811
1617.16	771.916
1619.79	728.543
1622.41	622.127
1625.03	591.238
1627.65	579.238
1630.28	507.271
1632.9	403.508
1635.52	424.592
1638.13	373.563
1640.75	504.779
1643.37	445.914
1645.98	329.953
1648.6	378.352
1651.21	378.723
1653.82	346.619
1656.44	449.729
1659.05	366.961
1661.66	390.916
1664.27	389.178
1666.87	326.785
1669.48	352.777
1672.09	311.168
1674.69	317.838
1677.3	371.809
1679.9	272.473
1682.5	272.473
1685.1	272.473
1687.7	272.473
1690.3	272.473
1692.9	272.473
1695.5	272.473
1698.1	272.473
1700.69	272.473
1703.29	272.473
1705.88	348.385
1708.48	272.473
1711.07	272.473
1713.66	272.473
1716.25	272.473
1718.84	374.523
1721.43	272.473
1724.02	379.678
1726.6	365.057
1729.19	477.148
1731.77	489.199
1734.36	490.076
1736.94	437.404
1739.52	346.336
1742.1	321.629
1744.68	272.473
1747.26	272.473
1749.84	347.678
1752.42	272.473
1755	272.473
1757.57	383.801
1760.15	349.762
1762.72	272.473
1765.29	346.783
1767.86	403.424
1770.44	492.867
1773.01	381.627
1775.58	372.283
1778.14	441.818
1780.71	381.107
1783.28	326.24
1785.84	402.006
1788.41	381.646
1790.97	339.311
1793.53	350.352
1796.1	347.084
1798.66	436.1
1801.22	349.682
1803.78	447.084
1806.34	474.115
1808.89	346.701
1811.45	467.813
1814.01	328.232
1816.56	343.918
1819.11	394.752
1821.67	272.473
1824.22	272.473
1826.77	375.277
1829.32	315.074
1831.87	367.506
1834.42	379.129
1836.96	418.555
1839.51	377.697
1842.06	359.367
1844.6	419.959
1847.14	324.109
1849.69	310.551
1852.23	360.639
1854.77	396.92
1857.31	343.637
1859.85	442.637
1862.39	397.953
1864.92	332.027
1867.46	453.682
1870	499.508
1872.53	530.141
1875.07	567.215
1877.6	576.996
1880.13	608.643
1882.66	655.025
1885.19	552.926
1887.72	545.633
1890.25	517.475
1892.78	465.805
1895.3	461.004
1897.83	487.912
1900.35	504.721
1902.88	456.459
1905.4	511.932
1907.92	411.021
1910.44	525.197
1912.96	413.705
1915.48	409.289
1918	441.615
1920.52	491.072
1923.04	399.168
1925.55	410.299
1928.07	357.293
1930.58	407.15
1933.09	385.631
1935.61	264.705
1938.12	224.801
1940.63	268.594
1943.14	272.314
1945.65	350.561
1948.15	257.484
1950.66	268.762
1953.17	270.99
1955.67	389.994
1958.18	307.885
1960.68	242.068
1963.18	247.635
1965.68	227.689
1968.18	172.66
1970.68	231.186
1973.18	179.275
1975.68	210.227
1978.18	417.246
1980.67	434.576
1983.17	267.518
1985.66	207.803
1988.15	271.207
1990.65	225.727
1993.14	232.629
1995.63	274.666
1998.12	221.002
2000.61	217.355
2003.1	260.332
2005.59	241.773
2008.07	201.379
2010.56	276.74
2013.04	291.352
2015.52	288.057
2018.01	268.398
2020.49	206.127
2022.97	183.557
2025.45	191.346
2027.93	177.598
2030.41	256.412
2032.89	157.402
2035.36	72.0293
2037.84	85.8496
2040.31	113.939
2042.79	160.516
2045.26	169.947
2047.73	142.414
2050.2	264.418
2052.67	320.057
2055.14	277.822
2057.61	279.553
2060.08	237.148
2062.55	228.83
2065.01	207.492
2067.48	204.143
2069.94	274.455
2072.41	218.977
2074.87	289.176
2077.33	294.676
2079.79	216.232
2082.25	250.197
2084.71	270.941
2087.17	337.814
2089.63	256.953
2092.08	228.852
2094.54	257.174
2096.99	196.842
2099.45	348.754
2101.9	129.266
2104.35	322.279
2106.8	235.014
2109.25	238.359
2111.7	252.109
2114.15	328.734
2116.6	274.191
2119.04	287.332
2121.49	375.252
2123.94	350.553
2126.38	322.844
2128.82	288.307
2131.27	363.779
2133.71	333.193
2136.15	417.199
2138.59	404.686
2141.03	366.52
2143.46	371.559
2145.9	378.164
2148.34	444.461
2150.77	477.664
2153.21	421.857
2155.64	422.078
2158.07	498.9
2160.51	438.389
2162.94	396.424
2165.37	451.158
2167.8	402.26
2170.23	385.672
2172.66	320.379
2175.08	395.396
2177.51	343.172
2179.93	451.572
2182.36	415.252
2184.78	292.264
2187.2	360.988
2189.62	350.361
2192.04	277.229
2194.47	264.557
2196.88	319.15
2199.3	262.6
2201.72	280.451
2204.14	289.334
2206.55	287.574
2208.97	278.875
2211.38	284.174
2213.79	289.742
2216.21	391.268
2218.62	347.848
2221.03	396.783
2223.44	451.088
2225.85	544.531
2228.25	698.744
2230.66	1118.6
2233.07	1630.61
2235.47	2151.74
2237.88	2510.11
2240.28	2606.3
2242.68	2437.74
2245.08	1840.7
2247.49	1430.78
2249.89	1236.11
2252.29	946.631
2254.68	828.91
2257.08	703.281
2259.48	747.416
2261.87	686.746
2264.27	736.285
2266.66	678.404
2269.06	706.309
2271.45	702.568
2273.84	694.957
2276.23	651.803
2278.62	676.639
2281.01	742.867
2283.4	701.545
2285.79	667.098
2288.17	643.734
2290.56	636.934
2292.94	577.357
2295.33	571.145
2297.71	655.551
2300.09	634.869
2302.47	727.02
2304.86	685.832
2307.23	599.574
2309.61	561.449
2311.99	614.41
2314.37	602.217
2316.75	665.238
2319.12	615.219
2321.49	617.156
2323.87	542.17
2326.24	597.803
2328.61	591.771
2330.99	593.477
2333.36	625.682
2335.73	603.086
2338.09	574.252
2340.46	541.672
2342.83	506.053
2345.2	507.914
2347.56	444.504
2349.92	459.363
2352.29	471.568
2354.65	485.66
2357.01	487.766
2359.38	375.498
2361.74	426.93
2364.09	421.193
2366.45	445.586
2368.81	494
2371.17	424.785
2373.52	388.545
2375.88	466.625
2378.23	394.424
2380.59	405.195
2382.94	354.225
2385.29	364.852
2387.64	432.896
2389.99	421.057
2392.34	430.172
2394.69	445.854
2397.04	437.604
2399.39	482.057
2401.73	385.242
2404.08	433.633
2406.42	462.477
2408.77	395.828
2411.11	423.08
2413.45	478.533
2415.79	424.99
2418.13	549.289
2420.47	445.021
2422.81	455.234
2425.15	470.801
2427.48	564.986
2429.82	474.693
2432.16	507.512
2434.49	558.23
2436.82	458.16
2439.16	506.66
2441.49	508.623
2443.82	445.076
2446.15	418.568
2448.48	384.588
2450.81	390.02
2453.14	433.178
2455.46	412.633
2457.79	488.459
2460.11	425.047
2462.44	409.527
2464.76	413.125
2467.08	469.803
2469.41	504.66
2471.73	457.361
2474.05	486.145
2476.37	557.986
2478.69	586.777
2481	515.637
2483.32	550.412
2485.64	554.104
2487.95	507.346
2490.27	478.221
2492.58	462.068
2494.89	458.273
2497.21	434.854
2499.52	412.031
2501.83	345.98
2504.14	335.092
2506.45	408.057
2508.75	415.914
2511.06	469.818
2513.37	429.602
2515.67	528.143
2517.98	499.484
2520.28	443.49
2522.58	396.105
2524.89	379.775
2527.19	413.32
2529.49	456.225
2531.79	396.895
2534.09	440.141
2536.39	344.09
2538.68	362.922
2540.98	413.801
2543.27	401.447
2545.57	350.693
2547.86	383.664
2550.16	307.188
2552.45	302.859
2554.74	373.715
2557.03	270.314
2559.32	283.715
2561.61	350.717
2563.9	332.418
2566.19	326.152
2568.47	289.678
2570.76	321.258
2573.04	336.631
2575.33	364.645
2577.61	347.955
2579.89	374.9
2582.18	411.326
2584.46	410.684
2586.74	489.242
2589.02	447.465
2591.29	445.959
2593.57	513.635
2595.85	493.115
2598.12	509.986
2600.4	567.035
2602.67	507.92
2604.95	494.121
2607.22	555.938
2609.49	564.457
2611.76	626.631
2614.04	664.863
2616.31	637.666
2618.57	681.484
2620.84	678.391
2623.11	657.547
2625.38	634.355
2627.64	629.529
2629.91	586.021
2632.17	650.555
2634.43	684.473
2636.7	613.24
2638.96	598.408
2641.22	645.83
2643.48	642.963
2645.74	677.305
2648	620.318
2650.25	586.41
2652.51	547.461
2654.77	567.031
2657.02	536.965
2659.27	560.707
2661.53	494.26
2663.78	507.715
2666.03	517.832
2668.28	491.576
2670.53	523.234
2672.78	530.727
2675.03	526.943
2677.28	527.285
2679.53	510.744
2681.77	521.412
2684.02	428.904
2686.26	429.404
2688.51	384.816
2690.75	433.123
2692.99	434.902
2695.23	462.533
2697.48	444.078
2699.72	428.203
2701.96	463.592
2704.19	457.592
2706.43	458.166
2708.67	417.729
2710.9	492.928
2713.14	463.387
2715.37	423.096
2717.61	438.318
2719.84	459.764
2722.07	484.283
2724.3	484.717
2726.53	506.007
2728.76	544.966
2730.99	542.208
2733.22	532.827
2735.45	503.289
2737.67	490.059
2739.9	449.614
2742.12	396.335
2744.35	403.398
2746.57	341.323
2748.79	277.634
2749.81	274.604
2752.07	227.782
2754.32	232.667
2756.57	282.478
2758.83	268.706
2761.08	272.473
2763.33	272.473
2765.58	272.473
2767.83	272.473
2770.08	272.473
2772.33	272.473
2774.57	272.473
2776.82	272.473
2779.07	272.473
2781.31	272.473
2783.56	272.473
2785.8	272.473
2788.04	272.473
2790.29	272.473
2792.53	337.793
2794.77	328.775
2797.01	297.032
2799.25	279.765
2801.49	372.336
2803.73	376.123
2805.97	413.641
2808.2	589.754
2810.44	645.813
2812.67	823.22
2814.91	930.946
2817.14	988.634
2819.37	929.208
2821.61	907.341
2823.84	868.806
2826.07	905.063
2828.3	765.711
2830.53	931.874
2832.76	914.292
2834.99	1174.63
2837.22	1317.26
2839.44	1509.69
2841.67	1679.31
2843.9	1888.44
2846.12	1946.41
2848.34	1944.05
2850.57	1915.04
2852.79	1923.87
2855.01	1857.21
2857.23	1800.17
2859.45	1760.04
2861.68	1704.12
2863.89	1690.95
2866.11	1740.79
2868.33	1698.44
2870.55	1853.92
2872.76	1896.55
2874.98	1948.07
2877.19	1958.77
2879.41	2012.76
2881.62	2189.22
2883.83	2285.81
2886.05	2456.1
2888.26	2839.75
2890.47	3416.08
2892.68	4278.94
2894.89	5584.11
2897.1	7298.81
2899.3	9752.67
2901.51	12609.2
2903.72	16036
2905.92	19441
2908.13	22783.5
2910.34	25550.5
2912.54	27101
2914.74	27027.7
2916.94	25599.3
2919.15	23568
2921.35	21359.9
2923.55	19530.2
2925.75	18184.5
2927.95	17265.4
2930.14	16828
2932.34	16818.3
2934.54	17001.5
2936.73	17401.3
2938.93	17552.1
2941.12	17297.9
2943.32	16427.4
2945.51	15360.5
2947.7	14259.1
2949.89	13138.7
2952.09	12310
2954.28	11437
2956.47	10622.1
2958.66	9920.38
2960.84	9431.68
2963.03	9291.88
2965.22	9371.68
2967.41	9645.67
2969.59	9966.5
2971.78	9855.37
2973.96	9548.06
2976.14	8938.58
2978.33	8288.62
2980.51	7612.34
2982.69	6970.91
2984.87	6319.13
2987.05	5681.07
2989.23	5116.7
2991.41	4592.47
2993.59	4098.09
2995.76	3707.05
2997.94	3317.75
3000.12	3087.79
3002.29	2796.33
3004.47	2644.88
3006.64	2401.06
3008.81	2091.71
3010.99	1857.33
3013.16	1596.19
3015.33	1518.61
3017.5	1381.81
3019.67	1249.72
3021.84	1205.48
3024.01	1109.01
3026.17	1061.64
3028.34	942.023
3030.51	890.251
3032.67	836.45
3034.84	817.275
3037	743.999
3039.16	705.996
3041.33	690.604
3043.49	649.181
3045.65	639.63
3047.81	576.09
3049.97	558.583
3052.13	508.887
3054.29	510.46
3056.45	447.779
3058.61	504.815
3060.76	481.051
3062.92	438.032
3065.07	478.494
3067.23	528.261
3069.38	451.509
3071.53	374.271
3073.69	417.445
3075.84	458.72
3077.99	455.425
3080.14	456.441
3082.29	444.275
3084.44	457.853
3086.59	417.202
3088.74	362.234
3090.88	298.982
3093.03	374.181
3095.17	228.545
3097.32	313.006
3099.46	286.89
3101.61	235.571
3103.75	201.104
3105.89	235.534
3108.03	249.874
3110.17	245.598
3112.32	196.531
3114.45	230.792
3116.59	242.329
3118.73	185.65
3120.87	204.835
3123.01	169.053
3125.14	227.209
3127.28	185.465
3129.41	225.967
3131.55	273.538
3133.68	223.865
3135.81	239.751
3137.94	226.956
3140.08	142.466
3142.21	104.671
3144.34	117.765
3146.46	75.0303
3148.59	0
3150.72	75.4307
3152.85	79.876
3154.98	87.0439
3157.1	90.376
3159.23	174.957
3161.35	195.016
3163.48	212.579
3165.6	195.378
3167.72	200.596
3169.84	143.729
3171.96	199.584
3174.08	213.903
3176.2	201.001
3178.32	185.584
3180.44	258.903
3182.56	183.798
3184.68	187.607
3186.79	220.697
3188.91	181.938
3191.02	206.145
3193.14	217.786
3195.25	225.198
3197.37	239.813
3199.48	270.013
3201.59	241.043
3203.7	263.288
3205.81	183.253
3207.92	246.536
3210.03	213.865
3212.14	219.318
3214.25	223.76
3216.35	248.727
3218.46	239.16
3220.56	243.553
3222.67	175.31
3224.77	270.94
3226.88	252.787
3228.98	282.757
3231.08	290.09
3233.18	298.295
3235.29	298.936
3237.39	235.842
3239.49	255.832
3241.59	235.979
3243.68	253.789
3245.78	204.433
3247.88	206.965
3249.97	223.673
3252.07	227.859
3254.16	262.158
3256.26	306.336
3258.35	307.328
3260.45	287.407
3262.54	283.994
3264.63	246.637
3266.72	200.449
3268.81	281.405
3270.9	241.308
3272.99	238.73
3275.08	256.612
3277.17	267.536
3279.25	278.206
3281.34	293.552
3283.42	279.769
3285.51	280.637
3287.59	219.391
3289.68	306.502
3291.76	267.382
3293.84	232.139
3295.92	280.676
3298	274.265
3300.09	242.086
3302.17	225.927
3304.24	321.141
3306.32	253.663
3308.4	265.001
3310.48	238.42
3312.55	247.718
3314.63	241.054
3316.7	301.444
3318.78	282.899
3320.85	300.872
3322.92	292.905
3325	285.737
3327.07	304.303
3329.14	256.17
3331.21	276.682
3333.28	239.689
3335.35	251.109
3337.42	307.64
3339.49	309.636
3341.55	301.842
3343.62	242.683
3345.68	298.081
3347.75	248.822
3349.81	289.405
3351.88	306.06
3353.94	284.917
3356	253.606
3358.07	257.666
3360.13	281.854
3362.19	237.999
3364.25	232.521
3366.31	301.402
3368.36	280.312
3370.42	236.672
3372.48	284.49
3374.54	258.631
3376.59	287.795
3378.65	296.014
3380.7	245.322
3382.75	262.749
3384.81	228.097
3386.86	256.058
3388.91	267.145
3390.96	305.355
3393.01	273.642
3395.06	312.382
3397.11	239.093
3399.16	244.97
3401.21	319.085
3403.26	226.081
3405.3	266.956
3407.35	240.369
3409.4	252.001
3411.44	323.813
3413.49	301.344
3415.53	240.82
3417.57	264.925
3419.61	266.436
3421.66	279.897
3423.7	336.952
3425.74	323.658
3427.77	274.184
3429.81	342.977
3431.85	283.381
3433.89	308.888
3435.93	269.988
3437.96	260.366
3440	272.99
3442.03	280.276
3444.07	298.46
3446.1	282.308
3448.13	300.308
3450.17	303.131
3452.2	286.665
3454.23	335.775
3456.26	328.843
3458.29	345.949
3460.32	287.83
3462.35	305.563
3464.38	300.519
3466.4	281.978
3468.43	264.089
3470.45	277.098
3472.48	292.378
3474.5	263.725
3476.53	313.983
3478.55	305.354
3480.57	314.087
3482.59	284.341
3484.62	323.434
3486.64	290.489
3488.66	272.473
3490.68	272.473
3492.7	272.473
3494.71	272.473
3496.73	272.473
3498.75	272.473
