102.528	29.737
105.558	11.1188
108.585	0
111.611	13.6278
114.636	57.7812
117.66	121.458
120.681	183.367
123.702	224.783
126.721	238.683
129.737	229.287
132.753	204.775
135.768	171.027
138.781	131.493
141.792	91.1837
144.802	58.6417
147.811	42.3597
150.818	44.5383
153.824	58.473
156.828	72.7853
159.831	79.2244
162.832	77.3397
165.832	72.3293
168.83	68.7835
171.827	66.5925
174.822	62.6678
177.816	56.15
180.809	51.388
183.8	55.3534
186.79	71.7255
189.778	97.1078
192.764	122.747
195.75	140.06
198.734	145.222
201.716	139.628
204.697	127.168
207.676	111.582
210.654	95.8447
213.631	82.579
216.606	73.5083
219.579	67.8836
222.552	62.0752
225.523	52.0689
228.492	37.4612
231.46	23.1455
234.427	16.2861
237.391	20.5884
240.355	32.9539
243.317	45.8946
246.278	53.7995
249.237	57.3659
252.195	62.1783
255.151	73.137
258.107	90.5717
261.06	112.063
264.012	137.81
266.963	173.06
269.913	223.438
272.86	286.349
275.806	346.842
278.752	383.758
281.695	383.214
284.637	349.144
287.579	301.872
290.518	265.027
293.456	250.58
296.392	253.218
299.327	257.426
302.261	250.467
305.193	230.662
308.124	205.577
311.053	183.695
313.981	167.764
316.908	154.924
319.833	141.7
322.756	127.944
325.679	116.026
328.6	107.089
331.52	99.0923
334.438	89.1071
337.355	77.3987
340.269	68.6429
343.184	68.3164
346.096	77.2361
349.007	89.422
351.917	95.6854
354.826	90.2011
357.732	74.615
360.637	56.4147
363.541	43.2159
366.445	37.8161
369.346	37.6967
372.245	38.5634
375.144	38.324
378.041	38.198
380.937	40.6485
383.831	46.5309
386.724	54.0564
389.615	60.1994
392.506	63.1625
395.395	64.0691
398.281	67.0212
401.167	77.719
404.052	101.162
406.936	138.885
409.817	186.526
412.698	233.19
415.576	264.084
418.455	266.36
421.33	235.685
424.206	179.632
427.079	115.187
429.951	61.1118
432.822	29.3553
435.691	20.5267
438.559	25.8526
441.426	33.8646
444.291	37.2064
447.155	35.381
450.017	32.4749
452.878	32.4114
455.738	35.5891
458.597	39.1339
461.454	39.9309
464.31	37.5612
467.163	34.7187
470.016	35.021
472.868	40.2872
475.718	49.5451
478.567	60.2565
481.415	70.257
484.26	78.5464
487.105	84.5879
489.949	87.5375
492.79	86.9204
495.631	84.4452
498.471	84.7822
501.308	93.4264
504.145	112.42
506.98	137.368
509.813	158.938
512.646	168.559
515.477	164.094
518.307	150.785
521.135	136.55
523.963	125.709
526.789	116.669
529.612	105.492
532.435	91.6022
535.258	79.7831
538.077	76.114
540.897	81.6054
543.714	89.9356
546.531	92.0605
549.345	83.7956
552.158	69.2694
554.971	56.8602
557.782	51.4913
560.591	50.8477
563.399	49.2708
566.206	45.2679
569.012	44.5505
571.816	54.6941
574.619	76.1585
577.42	98.8749
580.221	108.914
583.02	99.9188
585.817	78.6688
588.613	59.1126
591.408	50.1849
594.201	49.0225
596.994	46.1206
599.784	37.0076
602.574	28.0224
605.362	29.4205
608.149	42.4632
610.935	54.9194
613.719	52.5105
616.502	37.4696
619.283	35.3304
622.063	78.7838
624.842	178.102
627.62	302.859
630.396	394.019
633.171	401.447
635.944	319.454
638.717	192.244
641.488	84.1206
644.257	37.2194
647.026	48.7854
649.792	82.9822
652.559	103.95
655.323	101.501
658.086	90.4957
660.848	89.3839
663.608	100.345
666.367	108.871
669.125	100.614
671.881	77.3525
674.637	56.2978
677.391	54.0569
680.143	71.3905
682.895	93.5913
685.645	105.845
688.393	108.509
691.141	117.405
693.887	148.448
696.631	200.581
699.375	252.657
702.117	277.521
704.858	261.671
707.598	214.633
710.336	161.518
713.073	125.991
715.808	117.302
718.542	129.699
721.276	151.66
724.007	175.618
726.738	200.86
729.467	229.571
732.195	261.367
734.921	291.366
737.647	312.51
740.371	319.33
743.094	310.087
745.816	286.463
748.535	251.95
751.254	210.417
753.971	165.555
756.688	121.109
759.403	81.372
762.117	51.1269
764.829	34.2578
767.54	31.219
770.25	37.1765
772.959	43.3467
775.666	42.2588
778.372	33.9992
781.077	28.1659
783.78	38.3229
786.483	71.6091
789.183	121.118
791.883	167.789
794.582	191.589
797.278	184.179
799.974	153.709
802.669	118.513
805.363	95.1504
808.055	89.9273
810.745	98.9892
813.434	114.438
816.122	129.949
818.81	141.974
821.495	148.223
824.179	147.419
826.863	141.344
829.544	135.939
832.225	138.303
834.904	151.465
837.582	172.962
840.259	200.848
842.935	242.514
845.609	315.885
848.282	436.805
850.954	599.091
853.624	763.938
856.293	872.024
858.962	875.015
861.629	766.128
864.294	587.104
866.958	404.963
869.621	274.253
872.283	210.874
874.943	193.753
877.602	188.958
880.26	175.352
882.917	153.298
885.573	134.407
888.227	125.525
890.879	121.94
893.531	113.586
896.182	95.7666
898.831	73.3673
901.479	55.5225
904.126	47.1306
906.771	45.5925
909.415	44.9081
912.058	41.9858
914.7	38.823
917.341	39.3455
919.98	45.1403
922.618	54.5633
925.255	65.2788
927.89	76.4951
930.524	88.084
933.157	97.9796
935.789	101.693
938.419	95.5478
941.049	80.7437
943.677	63.732
946.304	51.7211
948.93	47.1825
951.554	46.5881
954.178	44.63
956.8	39.7455
959.421	35.4759
962.04	36.4377
964.659	43.1793
967.275	51.2927
969.891	55.7117
972.506	55.7368
975.119	55.5752
977.731	59.8691
980.342	68.9297
982.952	78.6989
985.56	85.4431
988.168	90.0653
990.774	97.159
993.378	109.449
995.982	123.41
998.584	131.125
1001.19	127.255
1003.79	114.521
1006.38	102.063
1008.98	97.7654
1011.58	101.643
1014.17	106.543
1016.77	105.452
1019.36	98.3639
1021.95	92.1371
1024.54	93.6823
1027.13	103.274
1029.72	114.485
1032.3	120.628
1034.89	121.211
1037.47	122.136
1040.06	129.688
1042.64	144.463
1045.22	161.115
1047.8	173.838
1050.38	181.835
1052.95	189.537
1055.53	202.064
1058.1	221.27
1060.68	246.578
1063.25	278.938
1065.82	322.107
1068.39	377.958
1070.96	439.464
1073.53	489.295
1076.09	508.34
1078.66	489.435
1081.22	445.406
1083.78	403.54
1086.35	389.009
1088.91	408.85
1091.46	448.106
1094.02	480.559
1096.58	485.868
1099.13	461.192
1101.69	420.646
1104.24	385.02
1106.79	369.851
1109.34	378.899
1111.89	404.995
1114.44	435.688
1116.99	459.731
1119.54	471.483
1122.08	471.835
1124.62	465.737
1127.17	458.004
1129.71	450.523
1132.25	443.528
1134.79	440.367
1137.32	451.225
1139.86	490.465
1142.4	566.879
1144.93	673.214
1147.46	784.475
1149.99	869.519
1152.52	910.031
1155.05	913.651
1157.58	910.624
1160.11	934.93
1162.63	1002.42
1165.16	1100.67
1167.68	1196.52
1170.21	1254.5
1172.73	1253.53
1175.25	1192.8
1177.77	1087.24
1180.28	959.168
1182.8	831.671
1185.31	724.226
1187.83	648.643
1190.34	605.177
1192.85	582.255
1195.36	562.705
1197.87	534.264
1200.38	497.173
1202.89	462.539
1205.4	442.303
1207.9	438.915
1210.4	443.299
1212.91	442.58
1215.41	430.448
1217.91	411.007
1220.41	393.124
1222.9	381.085
1225.4	370.438
1227.9	352.701
1230.39	324.167
1232.88	290.318
1235.38	261.699
1237.87	245.152
1240.36	238.5
1242.85	233.326
1245.33	222.999
1247.82	208.561
1250.3	197.506
1252.79	197.149
1255.27	208.92
1257.75	228.457
1260.23	250.726
1262.71	275.015
1265.19	305.346
1267.67	346.395
1270.15	398.96
1272.62	458.857
1275.09	519.64
1277.57	576.193
1280.04	626.047
1282.51	667.838
1284.98	699.01
1287.45	715.302
1289.91	712.769
1292.38	690.902
1294.84	654.616
1297.31	613.724
1299.77	580.03
1302.23	563.464
1304.69	569.085
1307.15	596.435
1309.61	641.498
1312.06	699.909
1314.52	769.036
1316.97	847.161
1319.43	930.29
1321.88	1009.47
1324.33	1071.62
1326.78	1104.33
1329.23	1101.45
1331.67	1065.37
1334.12	1004.11
1336.57	925.987
1339.01	836.264
1341.45	738.442
1343.9	638.05
1346.34	544.408
1348.78	467.71
1351.22	413.552
1353.65	379.861
1356.09	359.277
1358.52	345.002
1360.96	334.836
1363.39	329.96
1365.82	330.264
1368.25	331.46
1370.68	327.432
1373.11	315.764
1375.54	300.728
1377.96	290.034
1380.39	287.657
1382.81	289.272
1385.24	284.902
1387.66	266.879
1390.08	236.223
1392.5	201.892
1394.92	173.851
1397.33	156.369
1399.75	147.265
1402.17	142.802
1404.58	142.523
1406.99	148.838
1409.41	161.963
1411.81	175.983
1414.22	181.083
1416.63	170.889
1419.04	148.418
1421.45	124.771
1423.85	111.113
1426.26	110.641
1428.66	117.311
1431.06	121.992
1433.46	120.225
1435.86	114.807
1438.26	111.63
1440.66	113.451
1443.05	117.608
1445.45	119.356
1447.84	116.966
1450.24	113.348
1452.63	112.81
1455.02	116.446
1457.41	120.767
1459.8	120.742
1462.18	114.081
1464.57	102.682
1466.96	90.3286
1469.34	79.4113
1471.72	69.9936
1474.11	61.6169
1476.49	55.2362
1478.87	52.7586
1481.25	54.6147
1483.62	58.2551
1486	59.683
1488.38	56.8705
1490.75	51.6739
1493.12	48.1626
1495.5	48.8616
1497.87	52.5688
1500.24	55.8305
1502.61	56.4277
1504.97	55.223
1507.34	54.5556
1509.71	55.119
1512.07	54.9203
1514.43	51.6542
1516.8	45.965
1519.16	41.7896
1521.52	42.8633
1523.88	48.6604
1526.24	54.0965
1528.59	53.8139
1530.95	47.1883
1533.3	39.1639
1535.66	35.9617
1538.01	39.8068
1540.36	47.8771
1542.71	56.419
1545.06	65.6229
1547.41	79.9439
1549.76	103.24
1552.11	133.7
1554.45	164.147
1556.8	187.986
1559.14	205.048
1561.48	221.278
1563.82	242.307
1566.16	267.447
1568.5	290.604
1570.84	307.46
1573.18	321.127
1575.51	339.101
1577.85	363.184
1580.18	382.509
1582.51	378.77
1584.84	341.605
1587.17	280.948
1589.5	223.64
1591.83	195.01
1594.16	201.04
1596.48	228.257
1598.81	263.335
1601.13	314.855
1603.46	414.313
1605.78	589.5
1608.1	828.721
1610.42	1066.83
1612.74	1210.73
1615.06	1191.55
1617.37	1008
1619.69	729.256
1622	454.812
1624.32	259.604
1626.63	161.472
1628.94	128.86
1631.25	116.138
1633.56	96.7158
1635.87	71.7159
1638.17	55.0362
1640.48	53.4809
1642.78	59.8789
1645.09	61.7514
1647.39	53.8254
1649.69	41.6583
1652	34.3971
1654.29	35.3944
1656.59	40.0817
1658.89	42.0052
1661.19	39.7306
1663.48	37.4376
1665.78	39.3748
1668.07	44.768
1670.36	48.7595
1672.66	48.0888
1674.95	45.0408
1677.24	45.1352
1679.52	50.8963
1681.81	58.4677
1684.1	61.057
1686.38	56.0091
1688.67	48.2063
1690.95	45.9235
1693.23	52.9397
1695.51	64.8167
1697.79	73.3972
1700.07	75.3756
1702.35	76.484
1704.63	86.9882
1706.9	112.926
1709.18	152.087
1711.45	199.178
1713.72	254.988
1716	329.228
1718.27	431.773
1720.54	558.375
1722.81	683.85
1725.07	771.251
1727.34	792.449
1729.61	745.304
1731.87	654.322
1734.13	554.334
1736.4	469.772
1738.66	404.567
1740.92	348.157
1743.18	290.088
1745.44	230.237
1747.69	177.439
1749.95	140.115
1752.21	118.606
1754.46	105.736
1756.71	93.7754
1758.97	80.5365
1761.22	69.2736
1763.47	63.5911
1765.72	63.0191
1767.96	63.423
1770.21	61.1406
1772.46	56.2067
1774.7	51.4935
1776.95	49.0852
1779.19	47.9646
1781.43	45.4386
1783.67	40.624
1785.91	36.0981
1788.15	35.7323
1790.39	40.7419
1792.63	47.975
1794.86	52.368
1797.1	51.4006
1799.33	47.3316
1801.57	45.0344
1803.8	47.4088
1806.03	52.6328
1808.26	55.7854
1810.49	53.314
1812.72	46.2625
1814.94	39.4228
1817.17	37.3105
1819.4	40.5959
1821.62	45.9597
1823.84	49.1548
1826.06	48.3645
1828.29	45.0774
1830.51	42.1861
1832.72	41.3988
1834.94	42.25
1837.16	43.1911
1839.38	43.3383
1841.59	43.1703
1843.8	43.7509
1846.02	45.4726
1848.23	47.5577
1850.44	48.6484
1852.65	47.8153
1854.86	45.1332
1857.07	41.5408
1859.27	38.2983
1861.48	36.4365
1863.69	36.3487
1865.89	37.5502
1868.09	38.772
1870.29	38.585
1872.5	36.3894
1874.7	33.0889
1876.9	30.7356
1879.09	31.1514
1881.29	34.4761
1883.49	38.8458
1885.68	41.5921
1887.88	41.0893
1890.07	37.8148
1892.26	33.8493
1894.45	31.3439
1896.64	31.249
1898.83	33.1834
1901.02	36.218
1903.21	39.6353
1905.39	43.0152
1907.58	45.8607
1909.76	47.448
1911.95	47.2222
1914.13	45.3218
1916.31	42.5763
1918.49	39.865
1920.67	37.4638
1922.85	35.0892
1925.03	32.6291
1927.2	30.7682
1929.38	30.7266
1931.55	33.2099
1933.73	37.5402
1935.9	41.8803
1938.07	44.471
1940.24	44.8239
1942.41	43.8339
1944.58	42.7988
1946.75	42.343
1948.91	42.244
1951.08	42.1731
1953.24	42.4072
1955.41	43.6447
1957.57	46.0784
1959.73	48.7702
1961.89	50.1607
1964.05	49.3921
1966.21	47.1857
1968.37	45.3173
1970.53	45.0516
1972.68	45.9702
1974.84	46.3489
1976.99	44.8136
1979.15	41.7672
1981.3	39.2361
1983.45	39.2187
1985.6	41.989
1987.75	45.8431
1989.9	48.4555
1992.04	48.6132
1994.19	46.8767
1996.34	44.8032
1998.48	43.6411
2000.62	43.6727
2002.77	44.5309
2004.91	45.808
2007.05	47.1623
2009.19	47.9233
2011.33	46.9621
2013.47	43.4088
2015.6	37.794
2017.74	32.4357
2019.87	30.2896
2022.01	32.8447
2024.14	38.7131
2026.27	44.2572
2028.4	46.0159
2030.53	43.1639
2032.66	38.0959
2034.79	34.6593
2036.92	35.3863
2039.04	39.8077
2041.17	45.022
2043.29	47.937
2045.42	47.4281
2047.54	44.8917
2049.66	42.9933
2051.78	43.7046
2053.9	47.0561
2056.02	51.3265
2058.14	54.3082
2060.26	54.6541
2062.37	52.4518
2064.49	48.851
2066.6	45.2102
2068.71	42.4186
2070.83	40.7541
2072.94	40.1565
2075.05	40.518
2077.16	41.7068
2079.26	43.387
2081.37	44.9551
2083.48	45.8018
2085.58	45.7404
2087.69	45.1804
2089.79	44.7933
2091.9	44.9111
2094	45.2438
2096.1	45.2757
2098.2	45.0118
2100.3	45.2651
2102.4	46.9688
2104.49	49.9616
2106.59	52.436
2108.68	51.9097
2110.78	47.2606
2112.87	40.1725
2114.96	34.4973
2117.06	33.6671
2119.15	38.0752
2121.24	44.6303
2123.32	49.0238
2125.41	48.9529
2127.5	45.65
2129.58	42.4735
2131.67	41.8511
2133.75	43.2876
2135.84	44.1437
2137.92	42.3639
2140	38.5774
2142.08	35.6338
2144.16	36.0447
2146.24	39.7309
2148.32	44.143
2150.39	46.5678
2152.47	46.426
2154.54	45.4726
2156.62	45.8628
2158.69	48.0436
2160.76	50.4697
2162.83	51.2723
2164.9	50.1151
2166.97	48.4012
2169.04	47.7358
2171.11	48.3162
2173.18	48.9295
2175.24	48.5202
2177.31	47.6233
2179.37	48.0644
2181.43	51.1241
2183.5	56.0189
2185.56	60.336
2187.62	62.1289
2189.68	61.6391
2191.73	60.8679
2193.79	61.3101
2195.85	62.0619
2197.9	60.305
2199.96	53.9348
