102.162	322.774
105.192	152.356
108.22	160.007
111.246	73.1885
114.271	124.195
117.295	96.7632
120.317	142.05
123.338	83.2528
126.356	0
129.374	93.6978
132.39	75.8824
135.405	203.147
138.418	249.102
141.429	272.049
144.44	330.926
147.449	350.941
150.456	257.63
153.462	124.423
156.467	192.443
159.469	270.895
162.471	122.586
165.471	256.177
168.47	205.762
171.467	176.812
174.463	214.382
177.457	168.17
180.449	295.339
183.441	209.061
186.431	118.054
189.419	243.945
192.407	180.798
195.392	120.776
198.376	185.489
201.358	205.154
204.339	194.565
207.319	207.534
210.297	168.643
213.275	315.195
216.25	240.557
219.224	194.087
222.196	229.738
225.167	283.135
228.137	181.391
231.105	224.839
234.072	178.841
237.037	115.873
240.001	155.02
242.963	115.873
245.924	225.347
248.884	210.329
251.842	142.35
254.799	156.824
257.754	115.873
260.708	183.472
263.66	285.348
266.611	324.448
269.561	390.11
272.509	372.57
275.456	474.353
278.401	454.569
281.345	556.447
284.287	350.468
287.228	384.516
290.168	316.603
293.106	357.086
296.043	278.435
298.978	273.655
301.912	323.429
304.845	299.045
307.776	200.697
310.706	284.852
313.634	219.248
316.561	203.572
319.485	200.556
322.41	115.873
325.332	183.378
328.254	115.873
331.173	115.873
334.092	135.162
337.009	137.949
339.924	115.873
342.839	115.873
345.751	136.298
348.663	115.873
351.572	156.9
354.481	115.873
357.388	163.836
360.294	244.681
363.199	115.873
366.101	230.016
369.003	115.873
371.903	212.135
374.801	115.873
377.699	143.28
380.595	115.873
383.489	139.71
386.382	115.873
389.274	115.873
392.165	118.642
395.054	199.726
397.942	196.962
400.827	180.964
403.712	190.15
406.596	210.646
409.477	206.421
412.358	161.065
415.238	218.103
418.116	149.497
420.993	157.231
423.867	146.208
426.741	176.831
429.614	115.873
432.484	164.352
435.354	200.024
438.222	115.873
441.09	185.864
443.955	115.873
446.819	155.23
449.682	171.207
452.543	220.962
455.403	170.639
458.262	115.873
461.119	178.152
463.974	115.873
466.829	171.526
469.682	115.873
472.534	224.899
475.384	202.354
478.234	239.109
481.081	258.616
483.928	231.774
486.772	273.759
489.616	317.672
492.458	220.894
495.299	250.814
498.139	238.452
500.977	257.086
503.814	288.588
506.649	313.229
509.483	250.299
512.316	222.654
515.147	174.559
517.977	205.64
520.806	252.935
523.633	172.656
526.459	218.886
529.283	231.266
532.107	271.65
534.929	193.315
537.749	199.375
540.569	277.795
543.386	168.37
546.203	187.335
549.018	215.754
551.831	115.873
554.644	237.054
557.455	115.873
560.265	115.873
563.073	179.48
565.88	115.873
568.686	164.508
571.49	247.616
574.293	115.873
577.095	180.972
579.896	171.676
582.695	115.873
585.493	205.258
588.289	115.873
591.084	193.323
593.878	211.954
596.67	168.493
599.462	156.875
602.251	170.081
605.039	115.873
607.827	115.873
610.612	151.366
613.397	157.843
616.18	195.826
618.962	164.045
621.743	176.974
624.522	251.792
627.3	510.568
630.075	679.515
632.851	846.636
635.625	615.315
638.397	402.758
641.168	293.085
643.938	169.215
646.707	250.031
649.474	217.885
652.24	209.505
655.005	189.15
657.768	266.311
660.53	171.209
663.291	186.897
666.05	209.847
668.808	115.873
671.565	196.344
674.32	186.08
677.074	318.874
679.827	186.505
682.579	292.841
685.329	194.362
688.077	207.79
690.825	259.389
693.572	185.025
696.317	271.042
699.061	447.43
701.803	425.614
704.543	488.127
707.284	450.702
710.022	313.876
712.759	332.627
715.495	167.088
718.229	140.73
720.963	251.512
723.695	217.372
726.426	194.605
729.155	275.834
731.883	284.37
734.61	350.871
737.336	174.997
740.06	115.873
742.783	284.367
745.505	257.606
748.225	222.151
750.944	154.956
753.662	253.229
756.378	197.716
759.093	115.873
761.807	267.142
764.52	115.873
767.231	227.922
769.941	115.873
772.65	195.876
775.358	207.881
778.064	150.118
780.769	245.549
783.473	242.887
786.175	298.552
788.877	198.982
791.576	369.767
794.274	434.014
796.972	414.472
799.668	321.566
802.363	321.539
805.056	330.541
807.749	334.489
810.44	368.101
813.129	376.427
815.818	448
818.505	494.212
821.191	692.956
823.875	659.962
826.558	664.617
829.241	553.848
831.921	430.449
834.601	366.297
837.279	346.527
839.956	377.846
842.632	438.955
845.306	461.297
847.98	677.611
850.652	784.861
853.322	1093.22
855.992	1273.04
858.66	1274.91
861.328	1141.76
863.993	925.001
866.658	568.135
869.32	520.5
871.983	423.329
874.643	284.365
877.302	321.474
879.96	304.961
882.618	329.824
885.274	253.935
887.928	280.18
890.581	311.547
893.233	206.119
895.883	304.052
898.533	238.945
901.181	240.021
903.828	351.23
906.474	401.931
909.118	297.285
911.761	423.004
914.404	364.379
917.044	234.824
919.684	344.419
922.322	233.842
924.959	213.347
927.595	294.778
930.229	115.873
932.863	162.348
935.494	230.657
938.125	154.067
940.755	115.873
943.383	115.873
946.01	115.873
948.637	191.94
951.261	174.083
953.884	115.873
956.506	115.873
959.127	211.324
961.747	115.873
964.366	165.723
966.983	208.352
969.599	171.232
972.214	279.821
974.828	188.602
977.439	245.878
980.051	251.266
982.661	275.364
985.269	270.843
987.877	421.142
990.483	453.36
993.089	593.113
995.692	632.437
998.295	622.349
1000.9	565.222
1003.5	620.745
1006.1	555.78
1008.69	383.144
1011.29	405.849
1013.89	302.126
1016.48	318.895
1019.07	266.733
1021.66	252.428
1024.25	214.719
1026.84	338.508
1029.43	236.316
1032.02	248.782
1034.6	115.873
1037.19	320.001
1039.77	148.79
1042.35	206.263
1044.93	326.872
1047.51	277.099
1050.09	240.654
1052.67	203.016
1055.25	197.494
1057.82	338.16
1060.39	400.086
1062.97	441.98
1065.54	522.52
1068.11	680.261
1070.68	1040.45
1073.24	1125.11
1075.81	1227.12
1078.38	1357.13
1080.94	989.537
1083.5	869.406
1086.06	836.288
1088.62	958.734
1091.18	1039.63
1093.74	1122.57
1096.3	1053.25
1098.85	1088.08
1101.41	1022.58
1103.96	1009.54
1106.51	1046.38
1109.06	1255.18
1111.61	1412.36
1114.16	1609.7
1116.71	1725.76
1119.26	1714.76
1121.8	1578.49
1124.34	1303.13
1126.89	1113.37
1129.43	1159.79
1131.97	971.347
1134.51	1148.67
1137.05	1292.42
1139.58	1556.28
1142.12	1866.53
1144.65	2203.21
1147.18	2026.1
1149.72	1724.4
1152.25	1165.92
1154.78	890.561
1157.31	544.121
1159.83	484.775
1162.36	483.847
1164.88	491.261
1167.41	611.269
1169.93	718.104
1172.45	1010.79
1174.97	1073.8
1177.49	911.791
1180.01	720.384
1182.52	605.222
1185.04	541.932
1187.55	478.37
1190.07	381.749
1192.58	648.144
1195.09	869.435
1197.6	1166.45
1200.11	1508.45
1202.62	1686.24
1205.12	1478.89
1207.63	1200.96
1210.13	814.177
1212.63	587.569
1215.14	363.339
1217.64	391.394
1220.14	243.102
1222.63	355.948
1225.13	327.802
1227.63	321.245
1230.12	314.376
1232.61	362.321
1235.11	354.751
1237.6	478.171
1240.09	545.357
1242.58	528.139
1245.06	658.97
1247.55	890.496
1250.04	853.105
1252.52	890.516
1255	785.157
1257.49	688.955
1259.97	632.485
1262.45	625.325
1264.92	609.338
1267.4	643.653
1269.88	829.507
1272.35	871.006
1274.83	1072.2
1277.3	1297.39
1279.77	1352.53
1282.24	1527.86
1284.71	1601.38
1287.18	1640.45
1289.65	1758.29
1292.11	1656.73
1294.58	1606.12
1297.04	1339.2
1299.5	1224.89
1301.96	1094.4
1304.42	1024.21
1306.88	1189.71
1309.34	1230.45
1311.8	1434.08
1314.25	1352.82
1316.71	1260.54
1319.16	1141.97
1321.61	1061.33
1324.07	911.809
1326.52	900.318
1328.96	1192.84
1331.41	1234.27
1333.86	1545.66
1336.3	1783.86
1338.75	1920.57
1341.19	2028.24
1343.63	1992.79
1346.08	1687.36
1348.51	1370.01
1350.95	1128.42
1353.39	785.801
1355.83	670.978
1358.26	668.785
1360.7	624.506
1363.13	619.795
1365.56	588.965
1367.99	639.237
1370.42	786.347
1372.85	761.869
1375.28	905.71
1377.71	965.907
1380.13	1283.26
1382.56	1248.77
1384.98	1369.62
1387.4	1259.38
1389.82	981.628
1392.24	963.691
1394.66	603.26
1397.08	709.015
1399.49	419.059
1401.91	427.751
1404.32	466.258
1406.74	387.297
1409.15	553.37
1411.56	573.278
1413.97	533.024
1416.38	742.37
1418.78	719.062
1421.19	670.788
1423.6	707.281
1426	677.684
1428.4	494.451
1430.81	483.645
1433.21	284.009
1435.61	309.842
1438.01	328.791
1440.4	257.613
1442.8	399.191
1445.2	417.784
1447.59	418.61
1449.98	475.336
1452.37	521.856
1454.77	413.219
1457.16	354.912
1459.54	436.089
1461.93	353.201
1464.32	392.281
1466.7	280.844
1469.09	202.227
1471.47	264.983
1473.85	147.962
1476.24	214.005
1478.62	186.923
1480.99	115.873
1483.37	243.997
1485.75	178.896
1488.13	152.805
1490.5	136.246
1492.87	212.826
1495.25	185.201
1497.62	166.282
1499.99	193.641
1502.36	115.873
1504.72	115.873
1507.09	174.672
1509.46	162.559
1511.82	115.873
1514.19	115.873
1516.55	277.095
1518.91	115.873
1521.27	191.982
1523.63	115.873
1525.99	208.506
1528.35	162.699
1530.7	115.873
1533.06	183.086
1535.41	115.873
1537.77	197.629
1540.12	139.607
1542.47	278.173
1544.82	115.873
1547.17	187.184
1549.51	236.419
1551.86	174.246
1554.21	220.643
1556.55	235.797
1558.89	156.555
1561.24	190.793
1563.58	337.709
1565.92	303.862
1568.26	426.099
1570.59	431.255
1572.93	516.994
1575.27	687.376
1577.6	867.378
1579.94	734.473
1582.27	715.645
1584.6	565.682
1586.93	498.382
1589.26	449.127
1591.59	341.204
1593.92	438.814
1596.24	608.328
1598.57	689.912
1600.89	885.474
1603.22	1151.41
1605.54	1461.71
1607.86	2154.87
1610.18	2991.11
1612.5	3718.95
1614.82	3986.54
1617.13	3541.88
1619.45	2466.24
1621.76	1461.7
1624.08	977.521
1626.39	627.565
1628.7	536.245
1631.01	341.679
1633.32	351.499
1635.63	324.435
1637.94	368.945
1640.24	282.931
1642.55	141.618
1644.85	339.97
1647.15	163.74
1649.46	204.806
1651.76	271.745
1654.06	265.582
1656.36	163.633
1658.65	231.626
1660.95	266.116
1663.25	154.168
1665.54	272.614
1667.84	187.946
1670.13	296.39
1672.42	198.522
1674.71	244.254
1677	203.941
1679.29	232.887
1681.58	238.399
1683.86	258.506
1686.15	289.111
1688.43	318.336
1690.72	235.819
1693	376.042
1695.28	255.686
1697.56	273.623
1699.84	395.342
1702.12	264.291
1704.39	242.674
1706.67	466.88
1708.94	415.167
1711.22	394.41
1713.49	779.996
1715.76	775.471
1718.03	1077.32
1720.3	1263.4
1722.57	1605.57
1724.84	2007.16
1727.11	1997.62
1729.37	1989.39
1731.64	1595.42
1733.9	1441.67
1736.17	1192.79
1738.43	1029.83
1740.69	780.971
1742.95	838.17
1745.21	632.799
1747.46	588.252
1749.72	436.309
1751.98	425.378
1754.23	448.284
1756.48	331.415
1758.74	410.865
1760.99	309.706
1763.24	380.205
1765.49	267.205
1767.74	336.171
1769.98	352.126
1772.23	243.004
1774.48	347.151
1776.72	316.407
1778.96	213.743
1781.21	247.188
1783.45	215.321
1785.69	210.867
1787.93	258.997
1790.16	297.26
1792.4	234.023
1794.64	311.053
1796.87	249.404
1799.11	302.028
1801.34	332.654
1803.57	205.579
1805.8	328.955
1808.04	215.721
1810.26	216.131
1812.49	185.747
1814.72	322.979
1816.95	325.707
1819.17	115.873
1821.4	413.152
1823.62	166.388
1825.84	220.645
1828.06	284.918
1830.28	115.873
1832.5	284.396
1834.72	321.501
1836.94	316.215
1839.15	299.673
1841.37	197.894
1843.58	289.175
1845.79	320.017
1848.01	254.399
1850.22	284.807
1852.43	285.525
1854.64	322.895
1856.85	318.27
1859.05	221.245
1861.26	288.694
1863.46	227.873
1865.67	272.221
1867.87	326.225
1870.07	230.433
1872.28	206.966
1874.48	240.627
1876.68	263.046
1878.87	224.474
1881.07	324.64
1883.27	243.932
1885.46	285.933
1887.66	235.458
1889.85	311.605
1892.04	272.492
1894.23	232.51
1896.42	194.611
1898.61	212.306
1900.8	295.935
1902.99	251.694
1905.18	255.957
1907.36	199.389
1909.55	284.038
1911.73	270.065
1913.91	243.135
1916.09	273.249
1918.27	285.891
1920.45	258.717
1922.63	280.433
1924.81	115.873
1926.99	362.787
1929.16	115.873
1931.34	336.558
1933.51	206.72
1935.68	313.158
1937.85	410.985
1940.02	240.517
1942.2	246.993
1944.36	301.112
1946.53	261.101
1948.7	241.961
1950.86	201.293
1953.03	306.787
1955.19	208.698
1957.36	309.804
1959.52	289.995
1961.68	244.811
1963.84	115.873
1966	351.814
1968.16	224.226
1970.31	138.262
1972.47	193.874
1974.63	248.374
1976.78	194.663
1978.93	285.962
1981.09	116.338
1983.24	177.061
1985.39	222.094
1987.54	159.327
1989.69	239.171
1991.83	193.242
1993.98	115.974
1996.13	134.83
1998.27	258.402
