102.366	882.883
105.395	781.253
108.423	672.926
111.449	652.135
114.474	673.321
117.497	565.507
120.519	546.754
123.54	561.342
126.559	497.643
129.575	372.728
132.591	335.854
135.606	304.057
138.619	255.131
141.63	137.692
144.64	144.423
147.649	130.991
150.655	0
153.661	130.646
156.666	56.5823
159.668	137.474
162.67	90.6902
165.669	127.684
168.668	101.392
171.665	178.106
174.66	79.7476
177.654	136.744
180.646	157.584
183.638	71.0913
186.627	152.093
189.615	135.84
192.602	130.875
195.588	90.4507
198.571	173.716
201.554	123.004
204.534	155.135
207.514	125.896
210.492	181.646
213.468	113.916
216.443	203.733
219.417	143.843
222.389	128.282
225.36	200.81
228.33	172.683
231.298	142.731
234.265	190.756
237.229	217.34
240.193	209.691
243.155	244.225
246.115	299.011
249.075	311.352
252.033	386.047
254.989	320.507
257.944	457.072
260.898	382.294
263.85	395.263
266.801	401.678
269.75	466.404
272.698	562.768
275.644	546.593
278.59	533.94
281.533	547.118
284.475	437.253
287.416	336.213
290.356	417.177
293.293	277.847
296.23	282.477
299.165	349
302.098	309.373
305.031	250.489
307.961	268.054
310.891	197.549
313.819	239.737
316.746	229.282
319.671	125.877
322.594	179.312
325.517	172.47
328.438	125.877
331.358	125.877
334.275	157.091
337.192	125.877
340.107	125.877
343.021	150.609
345.933	125.877
348.845	125.877
351.754	125.877
354.663	140.097
357.57	125.877
360.475	159.202
363.379	155.305
366.282	125.877
369.183	125.877
372.083	135.726
374.982	185.799
377.879	141.232
380.774	125.877
383.669	151.556
386.562	177.955
389.453	268.481
392.343	125.877
395.232	221.961
398.119	231.763
401.005	329.886
403.89	289.701
406.774	293.626
409.655	363.164
412.536	344.647
415.414	298.228
418.292	374.009
421.168	243.467
424.044	336.752
426.917	418.669
429.789	452.852
432.66	296.465
435.529	279.58
438.397	125.877
441.263	221.802
444.129	157.599
446.992	194.609
449.855	125.877
452.716	125.877
455.576	249.227
458.434	184.824
461.291	173.627
464.147	125.877
467.001	248.248
469.854	139.922
472.706	125.877
475.555	125.877
478.405	158.466
481.252	191.661
484.098	125.877
486.942	139.925
489.786	213.311
492.628	158.421
495.468	143.989
498.308	225.839
501.146	125.877
503.982	125.877
506.817	156.473
509.651	125.877
512.484	125.877
515.315	156.826
518.145	125.877
520.973	191.689
523.8	125.877
526.626	125.877
529.45	236.054
532.273	178.542
535.095	175.229
537.915	209.209
540.734	125.877
543.552	182.488
546.368	197.902
549.183	125.877
551.996	153.837
554.809	147.605
557.62	135.259
560.429	152.983
563.237	181.56
566.044	144.722
568.849	125.877
571.654	158.159
574.456	218.523
577.258	170.612
580.058	125.877
582.857	125.877
585.654	125.877
588.451	197.379
591.246	125.877
594.039	216.083
596.832	182.533
599.622	190.807
602.412	125.877
605.2	125.877
607.986	193.437
610.773	176.489
613.557	217.79
616.339	234.329
619.121	273.838
621.901	300.055
624.68	346.513
627.458	640.952
630.234	765.185
633.009	662.854
635.782	419.176
638.554	268.079
641.326	271.601
644.095	151.955
646.864	191.133
649.63	125.877
652.396	160.466
655.16	188.476
657.924	140.601
660.686	162.652
663.446	222.616
666.205	125.877
668.963	178.055
671.719	168.98
674.474	256.637
677.228	190.682
679.981	228.442
682.732	255.784
685.483	329.84
688.231	320.787
690.978	289.971
693.725	437.978
696.469	353.192
699.213	426.432
701.955	555.604
704.695	565.316
707.435	560.227
710.174	480.695
712.91	471.121
715.646	320.671
718.38	194.203
721.113	246.565
723.845	244.4
726.576	202.733
729.305	159.696
732.033	166.617
734.759	125.877
737.485	163.726
740.209	145.8
742.931	159.931
745.653	125.877
748.373	125.877
751.092	156.672
753.809	214.507
756.526	125.877
759.241	193.106
761.955	157.787
764.667	125.877
767.378	125.877
770.088	167.671
772.797	150.452
775.504	137.825
778.21	183.177
780.915	180.088
783.618	196.489
786.32	243.487
789.021	248.987
791.721	361.908
794.419	327.476
797.116	341.673
799.812	231.513
802.507	300.988
805.2	235.688
807.892	242.003
810.583	200.444
813.272	269.376
815.96	208.751
818.647	364.043
821.333	191.528
824.017	259.31
826.701	313.764
829.382	246.988
832.063	232.941
834.742	326.436
837.42	302.77
840.097	277.44
842.773	416.499
845.447	492.014
848.12	580.958
850.792	851.311
853.462	1089.69
856.131	1255.2
858.799	1209.37
861.466	979.812
864.131	695.151
866.796	455.345
869.458	349.107
872.121	384.594
874.781	488.922
877.44	541.56
880.098	628.812
882.755	634.532
885.41	479.577
888.065	314.317
890.717	365.549
893.369	227.435
896.019	268.106
898.669	125.877
901.316	274.536
903.963	226.8
906.608	134.43
909.253	216.49
911.896	174.928
914.537	198.354
917.179	200.409
919.818	174.612
922.456	152.386
925.093	137.782
927.728	181.39
930.362	125.877
932.995	143.776
935.627	206.169
938.257	187.553
940.887	176.129
943.515	125.877
946.142	212.467
948.768	225.285
951.392	125.877
954.016	330.353
956.638	206.809
959.258	125.877
961.878	271.033
964.496	125.877
967.113	225.841
969.729	226.377
972.344	181.755
974.957	246.803
977.569	182.574
980.18	271.122
982.79	223.446
985.398	188.386
988.005	409.42
990.611	340.092
993.216	483.449
995.82	476.095
998.422	507.856
1001.02	480.021
1003.62	391.2
1006.22	351.49
1008.82	334.263
1011.42	239.221
1014.01	265.582
1016.6	256.726
1019.2	236.344
1021.79	175.688
1024.38	282.967
1026.97	191.965
1029.56	216.599
1032.14	268.901
1034.73	141.808
1037.31	284.828
1039.9	189.225
1042.48	194.138
1045.06	185.309
1047.64	245.773
1050.21	134.972
1052.79	226.339
1055.37	280.11
1057.94	186.125
1060.52	271.558
1063.09	164.267
1065.66	288.24
1068.23	283.949
1070.8	359.168
1073.36	290.995
1075.93	315.97
1078.5	402.191
1081.06	318.359
1083.62	509.761
1086.18	630.869
1088.74	720.703
1091.3	854.448
1093.86	920.898
1096.42	820.269
1098.97	787.377
1101.53	666.644
1104.08	661.102
1106.63	591.561
1109.18	691.297
1111.73	745.336
1114.28	684.936
1116.83	762.483
1119.37	673.929
1121.92	645.073
1124.46	639.423
1127	519.096
1129.54	534.566
1132.08	437.164
1134.62	444.528
1137.16	497.487
1139.7	376.661
1142.23	512.529
1144.77	474.464
1147.3	623.432
1149.83	548.52
1152.36	674.73
1154.89	538.357
1157.42	459.664
1159.95	342.766
1162.47	409.937
1165	252.144
1167.52	371.171
1170.04	301.524
1172.56	371.392
1175.08	354.284
1177.6	445.387
1180.12	414.241
1182.64	503.061
1185.15	419.201
1187.67	390.148
1190.18	410.712
1192.69	350.626
1195.2	284.709
1197.71	288.296
1200.22	235.344
1202.73	248.738
1205.23	152.687
1207.74	146.536
1210.24	189.229
1212.74	139.216
1215.25	271.956
1217.75	200.29
1220.24	210.997
1222.74	172.408
1225.24	206.467
1227.73	203.799
1230.23	272.203
1232.72	307.53
1235.21	173.292
1237.71	233.228
1240.2	267.688
1242.68	330.895
1245.17	313.58
1247.66	204.315
1250.14	356.814
1252.63	318.531
1255.11	312.419
1257.59	518.415
1260.07	336.728
1262.55	613.462
1265.03	486.065
1267.51	644.267
1269.98	707.923
1272.46	817.694
1274.93	946.372
1277.4	1026.36
1279.88	1201.59
1282.35	1205.36
1284.81	1170.82
1287.28	1198.64
1289.75	1311.77
1292.22	1206.46
1294.68	1138.59
1297.14	945.429
1299.61	868.346
1302.07	719.574
1304.53	593.064
1306.99	596.227
1309.44	505.931
1311.9	525.929
1314.36	449.41
1316.81	404.172
1319.26	460.687
1321.72	340.555
1324.17	358.504
1326.62	338.18
1329.07	375.426
1331.51	388.157
1333.96	387.865
1336.4	255.84
1338.85	270.095
1341.29	296.854
1343.73	278.724
1346.17	235.781
1348.61	179.7
1351.05	317.871
1353.49	272.121
1355.93	292.621
1358.36	174.011
1360.8	374.238
1363.23	326.094
1365.66	314.059
1368.09	284.368
1370.52	398.538
1372.95	212.825
1375.38	187.623
1377.8	313.539
1380.23	238.097
1382.65	208.734
1385.07	324.95
1387.5	200.118
1389.92	261.336
1392.34	222.063
1394.76	155.078
1397.17	230.108
1399.59	160.106
1402	182.07
1404.42	336.95
1406.83	302.314
1409.24	460.519
1411.65	346.699
1414.06	435.77
1416.47	522.867
1418.88	491.803
1421.28	527.54
1423.69	456.986
1426.09	604.127
1428.5	543.612
1430.9	488.929
1433.3	365.484
1435.7	383.629
1438.1	297.788
1440.49	266.226
1442.89	272.02
1445.29	214.572
1447.68	166.443
1450.07	229.631
1452.47	338.727
1454.86	294.966
1457.25	260.91
1459.64	263.966
1462.02	333.7
1464.41	228.497
1466.79	360.907
1469.18	125.877
1471.56	327.539
1473.94	262.188
1476.32	170.331
1478.7	169.628
1481.08	315.666
1483.46	206.63
1485.84	352.896
1488.21	168.776
1490.59	356.444
1492.96	249.628
1495.33	281.674
1497.7	364.53
1500.07	243.823
1502.44	125.877
1504.81	225.577
1507.18	272.53
1509.54	339.193
1511.91	303.676
1514.27	358.345
1516.63	295.847
1519	435.726
1521.36	433.433
1523.72	588.494
1526.07	553.77
1528.43	682.76
1530.79	861.245
1533.14	820.474
1535.5	934.654
1537.85	855.35
1540.2	835.045
1542.55	803.45
1544.9	618.562
1547.25	610.353
1549.6	586.392
1551.94	479.215
1554.29	495.342
1556.63	506.265
1558.98	317.786
1561.32	435.853
1563.66	356.517
1566	306.244
1568.34	377.751
1570.68	432.517
1573.01	424.522
1575.35	468.404
1577.68	441.209
1580.02	380.67
1582.35	424.466
1584.68	409.229
1587.01	492.419
1589.34	494.84
1591.67	745.574
1594	753.262
1596.32	902.842
1598.65	941.328
1600.97	1067.44
1603.29	1204.57
1605.62	1337.96
1607.94	1960.98
1610.26	2536.85
1612.58	2947.56
1614.89	2794.49
1617.21	2167.93
1619.53	1463.33
1621.84	920.109
1624.15	550.377
1626.47	439.028
1628.78	415.335
1631.09	282.142
1633.4	422.407
1635.7	312.421
1638.01	254.855
1640.32	276.727
1642.62	320.034
1644.93	352.518
1647.23	358.064
1649.53	206.515
1651.83	283.093
1654.13	154.159
1656.43	322.24
1658.73	156.668
1661.03	255.819
1663.32	204.283
1665.62	125.877
1667.91	199.344
1670.2	234.195
1672.49	125.877
1674.78	207.168
1677.07	176.389
1679.36	211.517
1681.65	162.412
1683.93	255.261
1686.22	230.264
1688.5	125.877
1690.79	125.877
1693.07	309.725
1695.35	219.107
1697.63	247.705
1699.91	157.326
1702.19	238.471
1704.47	384.758
1706.74	350.161
1709.02	357.487
1711.29	472.135
1713.56	587.068
1715.83	803.182
1718.11	914.475
1720.37	1162.74
1722.64	1322.58
1724.91	1687.49
1727.18	1406.27
1729.44	1311.58
1731.71	1170.71
1733.97	930.223
1736.23	855.894
1738.5	744.733
1740.76	640.281
1743.02	526.86
1745.27	480.423
1747.53	416.055
1749.79	277.819
1752.04	167.472
1754.3	380.733
1756.55	179.644
1758.8	234.06
1761.05	268.371
1763.31	338.687
1765.55	248.161
1767.8	315.072
1770.05	272.759
1772.3	250.703
1774.54	270.427
1776.79	265.459
1779.03	183.701
1781.27	314.818
1783.51	189.935
1785.75	311.515
1787.99	198.728
1790.23	189.497
1792.47	175.702
1794.7	293.024
1796.94	201.185
1799.17	217.582
1801.4	143.413
1803.64	241.035
1805.87	245.523
1808.1	125.877
1810.33	161.808
1812.55	285.623
1814.78	175.128
1817.01	217.072
1819.23	277.963
1821.46	125.877
1823.68	293.414
1825.9	180.313
1828.12	201.513
1830.34	268.61
1832.56	196.292
1834.78	193.575
1837	267.502
1839.21	211.902
1841.43	180.042
1843.64	125.877
1845.85	234.322
1848.07	252.068
1850.28	157.178
1852.49	170.118
1854.7	125.877
1856.91	210.577
1859.11	137.698
1861.32	188.997
1863.52	245.136
1865.73	197.057
1867.93	273.664
1870.13	125.877
1872.33	271.004
1874.53	240.825
1876.73	219.129
1878.93	195.021
1881.13	195.154
1883.32	202.617
1885.52	289.612
1887.71	185.474
1889.91	267.574
1892.1	172.41
1894.29	203.843
1896.48	227.876
1898.67	222.378
1900.86	276.268
1903.05	159.703
1905.23	177.884
1907.42	240.821
1909.6	194.444
1911.78	230.026
1913.97	200.788
1916.15	201.395
1918.33	125.877
1920.51	338.044
1922.69	238.082
1924.86	185.501
1927.04	219.286
1929.22	280.762
1931.39	166.45
1933.56	248.08
1935.74	125.877
1937.91	327.547
1940.08	125.877
1942.25	325.725
1944.42	202.142
1946.58	247.11
1948.75	282.307
1950.92	201.229
1953.08	393.477
1955.25	166.117
1957.41	254.385
1959.57	252.113
1961.73	253.624
1963.89	298.084
1966.05	291.833
1968.21	182.289
1970.36	237.458
1972.52	328.395
1974.68	261.647
1976.83	191.892
1978.98	203.83
1981.14	264.843
1983.29	238.405
1985.44	306.375
1987.59	229.225
1989.73	297.418
1991.88	325.635
1994.03	239.884
1996.17	245.139
1998.32	395.55
