102.366	3143.99
105.395	2967.83
108.423	2874.08
111.449	2688.66
114.474	2644.59
117.497	2518.19
120.519	2474.61
123.54	2338.2
126.559	2318.85
129.575	2188.82
132.591	2120.64
135.606	2079.93
138.619	2027.62
141.63	1950.25
144.64	1863.03
147.649	1660.32
150.655	1482.77
153.661	1390.61
156.666	1383.55
159.668	1245.78
162.67	1207.9
165.669	1128.05
168.668	1230.03
171.665	1128.7
174.66	1139.37
177.654	1158.18
180.646	1005.11
183.638	1028.82
186.627	1037.3
189.615	982.123
192.602	961.229
195.588	996.08
198.571	931.554
201.554	887.983
204.534	854.345
207.514	931.57
210.492	907.452
213.468	865.948
216.443	887.796
219.417	940.473
222.389	823.467
225.36	860.05
228.33	928.596
231.298	865.303
234.265	865.747
237.229	884.016
240.193	846.512
243.155	844.319
246.115	856.885
249.075	882.909
252.033	902.282
254.989	899.601
257.944	904.342
260.898	934.326
263.85	957.221
266.801	1068.68
269.75	1070.89
272.698	1174.58
275.644	1226.76
278.59	1338.04
281.533	1222.02
284.475	1109.48
287.416	1056.07
290.356	921.174
293.293	902.738
296.23	862.239
299.165	835.149
302.098	807.59
305.031	786.112
307.961	796.659
310.891	746.687
313.819	748.875
316.746	749.765
319.671	648.73
322.594	699.001
325.517	670.275
328.438	659.666
331.358	664.82
334.275	677.965
337.192	685.863
340.107	623.115
343.021	644.037
345.933	634.15
348.845	646.179
351.754	619.831
354.663	665.346
357.57	633.827
360.475	631.417
363.379	606.767
366.282	564.18
369.183	626.289
372.083	659.066
374.982	553.985
377.879	611.007
380.774	670.773
383.669	597.826
386.562	606.706
389.453	574.204
392.343	625.6
395.232	645.422
398.119	639.124
401.005	604.813
403.89	618.15
406.774	668.768
409.655	637.665
412.536	622.298
415.414	591.61
418.292	607.855
421.168	568.018
424.044	514.188
426.917	591.31
429.789	528.089
432.66	563.966
435.529	510.089
438.397	578.971
441.263	562.645
444.129	584.831
446.992	555.384
449.855	575.912
452.716	518.194
455.576	622.959
458.434	567.77
461.291	515.059
464.147	664.008
467.001	488.354
469.854	526.698
472.706	530.264
475.555	535.829
478.405	527.969
481.252	564.907
484.098	537.041
486.942	491.025
489.786	525.433
492.628	527.677
495.468	577.132
498.308	529.461
501.146	517.222
503.982	539.273
506.817	556.743
509.651	521.5
512.484	531.845
515.315	550.753
518.145	561.896
520.973	539.026
523.8	503.614
526.626	525.793
529.45	515.243
532.273	525.806
535.095	499.028
537.915	538.255
540.734	506.997
543.552	523.947
546.368	546.165
549.183	576.93
551.996	498.464
554.809	510.318
557.62	522.162
560.429	510.025
563.237	539.35
566.044	548.713
568.849	503.832
571.654	552.713
574.456	596.928
577.258	536.984
580.058	534.747
582.857	533.861
585.654	493.933
588.451	515.357
591.246	454.465
594.039	471.845
596.832	436.44
599.622	494.396
602.412	499.579
605.2	469.543
607.986	524.461
610.773	472.179
613.557	466.898
616.339	514.319
619.121	453.221
621.901	569.679
624.68	739.801
627.458	1107.51
630.234	1227.99
633.009	1364.06
635.782	972.198
638.554	705.919
641.326	542.453
644.095	529.203
646.864	518.613
649.63	505.089
652.396	548.822
655.16	445.395
657.924	482.604
660.686	447.626
663.446	512.157
666.205	450.672
668.963	446.781
671.719	474.648
674.474	368.456
677.228	491.667
679.981	475.686
682.732	444.813
685.483	450.614
688.231	497.487
690.978	473.994
693.725	524.294
696.469	575.316
699.213	677.016
701.955	871.007
704.695	738.465
707.435	592.823
710.174	539.907
712.91	513.348
715.646	458.676
718.38	359.292
721.113	448.162
723.845	460.929
726.576	451.441
729.305	466.562
732.033	452.152
734.759	394.997
737.485	491.623
740.209	406.758
742.931	468.845
745.653	411.346
748.373	364.558
751.092	484.008
753.809	463.475
756.526	372.907
759.241	433.716
761.955	436.326
764.667	428.52
767.378	456.79
770.088	397.933
772.797	464.606
775.504	475.26
778.21	529.715
780.915	465.2
783.618	492.592
786.32	534.225
789.021	564.844
791.721	690.265
794.419	740.016
797.116	664.342
799.812	590.645
802.507	545.877
805.2	554.175
807.892	520.106
810.583	566.369
813.272	590.715
815.96	575.15
818.647	530.284
821.333	639.544
824.017	602.551
826.701	630.635
829.382	532.914
832.063	588.146
834.742	587.129
837.42	602.708
840.097	577.183
842.773	738.845
845.447	750.089
848.12	1010.82
850.792	1257.86
853.462	1615.76
856.131	1866.69
858.799	1957.87
861.466	1646.27
864.131	1278.63
866.796	970.255
869.458	743.654
872.121	636.032
874.781	592.193
877.44	633.966
880.098	556.493
882.755	536.827
885.41	601.548
888.065	592.667
890.717	532.603
893.369	481.065
896.019	497.169
898.669	514.901
901.316	428.956
903.963	493.524
906.608	433.962
909.253	479.195
911.896	457.143
914.537	347.843
917.179	481.891
919.818	350.124
922.456	362.903
925.093	470.881
927.728	396.16
930.362	364.782
932.995	377.621
935.627	398.486
938.257	355.502
940.887	331.444
943.515	478.425
946.142	327.565
948.768	304.155
951.392	407.083
954.016	452.085
956.638	396.699
959.258	315.615
961.878	440.853
964.496	387.468
967.113	466.445
969.729	475.376
972.344	415.04
974.957	470.58
977.569	577.51
980.18	484.477
982.79	514.623
985.398	623.385
988.005	634.373
990.611	828.775
993.216	895.93
995.82	979.748
998.422	963.174
1001.02	943.448
1003.62	840.862
1006.22	804.444
1008.82	687.064
1011.42	636.077
1014.01	577.466
1016.6	463.723
1019.2	447.26
1021.79	476.817
1024.38	439.015
1026.97	427.57
1029.56	407.076
1032.14	458.727
1034.73	478.203
1037.31	360.127
1039.9	377.564
1042.48	440.093
1045.06	402.106
1047.64	402.481
1050.21	440.542
1052.79	382.909
1055.37	332.79
1057.94	358.361
1060.52	447.255
1063.09	354.289
1065.66	421.607
1068.23	416.353
1070.8	491.536
1073.36	473.496
1075.93	485.083
1078.5	568.117
1081.06	512.577
1083.62	731.451
1086.18	771.669
1088.74	1012.88
1091.3	1139.21
1093.86	1307.93
1096.42	1351.9
1098.97	1145.09
1101.53	847.299
1104.08	871.114
1106.63	742.069
1109.18	797.726
1111.73	750.396
1114.28	823.522
1116.83	855.119
1119.37	820.607
1121.92	810.287
1124.46	677.671
1127	644.152
1129.54	547.559
1132.08	487.484
1134.62	495.518
1137.16	456.401
1139.7	440.096
1142.23	439.653
1144.77	326.196
1147.3	447.796
1149.83	368.359
1152.36	320.347
1154.89	391.067
1157.42	321.663
1159.95	368.497
1162.47	356.223
1165	467.357
1167.52	393.29
1170.04	391.546
1172.56	426.037
1175.08	503.952
1177.6	455.888
1180.12	475.171
1182.64	451.262
1185.15	400.69
1187.67	395.298
1190.18	316.658
1192.69	368.979
1195.2	357.827
1197.71	455.83
1200.22	346.925
1202.73	241.405
1205.23	359.417
1207.74	332.96
1210.24	368.704
1212.74	299.887
1215.25	325.879
1217.75	352.912
1220.24	371.864
1222.74	276.952
1225.24	350.441
1227.73	315.288
1230.23	319.277
1232.72	364.383
1235.21	280.327
1237.71	425.338
1240.2	364.208
1242.68	320.51
1245.17	476.349
1247.66	396.97
1250.14	388.425
1252.63	382.628
1255.11	368.44
1257.59	598.883
1260.07	581.979
1262.55	572.361
1265.03	594.291
1267.51	751.278
1269.98	780.099
1272.46	1099.38
1274.93	1167.14
1277.4	1531.33
1279.88	1656.13
1282.35	1853.94
1284.81	1914.34
1287.28	2012.93
1289.75	1979.08
1292.22	2018.2
1294.68	1682.26
1297.14	1459.08
1299.61	1181.75
1302.07	1062.36
1304.53	767.521
1306.99	934.522
1309.44	677.512
1311.9	782.679
1314.36	685.06
1316.81	648.128
1319.26	595.763
1321.72	392.299
1324.17	481.614
1326.62	318.555
1329.07	289.266
1331.51	375.128
1333.96	358.604
1336.4	347.912
1338.85	334.307
1341.29	318.634
1343.73	307.602
1346.17	336.193
1348.61	290.757
1351.05	270.453
1353.49	335.741
1355.93	228.79
1358.36	368.255
1360.8	256.453
1363.23	279.185
1365.66	299.058
1368.09	318.972
1370.52	248.794
1372.95	358.852
1375.38	237.481
1377.8	361.401
1380.23	251.577
1382.65	273.363
1385.07	358.146
1387.5	299.302
1389.92	264.032
1392.34	354.896
1394.76	271.258
1397.17	282.261
1399.59	310.084
1402	279.711
1404.42	382.988
1406.83	477.826
1409.24	499.678
1411.65	516.696
1414.06	643.437
1416.47	729.462
1418.88	573.342
1421.28	469.791
1423.69	411.108
1426.09	412.543
1428.5	345.665
1430.9	355.068
1433.3	349.309
1435.7	246.747
1438.1	335.434
1440.49	430.14
1442.89	316.361
1445.29	349.798
1447.68	414.749
1450.07	376.973
1452.47	402.941
1454.86	442.128
1457.25	446.711
1459.64	495.731
1462.02	414.48
1464.41	450.929
1466.79	371.595
1469.18	288.284
1471.56	362.343
1473.94	230.35
1476.32	320.51
1478.7	330.39
1481.08	275.404
1483.46	280.253
1485.84	277.147
1488.21	240.832
1490.59	155.989
1492.96	213
1495.33	298.615
1497.7	192.203
1500.07	228.033
1502.44	263.92
1504.81	228.506
1507.18	299.292
1509.54	179.038
1511.91	217.26
1514.27	242.258
1516.63	193.268
1519	259.356
1521.36	225.56
1523.72	221.522
1526.07	246.272
1528.43	191.651
1530.79	257.596
1533.14	228.788
1535.5	216.523
1537.85	244.548
1540.2	320.191
1542.55	231.62
1544.9	234.978
1547.25	175.109
1549.6	236.423
1551.94	322.673
1554.29	155.698
1556.63	272.062
1558.98	211.936
1561.32	276.52
1563.66	179.978
1566	256.131
1568.34	212.557
1570.68	197.03
1573.01	290.91
1575.35	264.802
1577.68	314.717
1580.02	326.035
1582.35	365.536
1584.68	317.713
1587.01	335.719
1589.34	289.237
1591.67	422.675
1594	459.246
1596.32	617.874
1598.65	731.845
1600.97	971.785
1603.29	1270.8
1605.62	1961.85
1607.94	2865.52
1610.26	4000.39
1612.58	4860.73
1614.89	4919.16
1617.21	4177.7
1619.53	2876.51
1621.84	1729.43
1624.15	1001.86
1626.47	740.687
1628.78	624.715
1631.09	412.991
1633.4	310.306
1635.7	411.557
1638.01	283.85
1640.32	343.12
1642.62	271.113
1644.93	331.39
1647.23	111.9
1649.53	302.35
1651.83	225.968
1654.13	174.334
1656.43	332.556
1658.73	266.916
1661.03	200.18
1663.32	235.682
1665.62	139.904
1667.91	206.666
1670.2	191.679
1672.49	314.649
1674.78	189.812
1677.07	274.198
1679.36	288.544
1681.65	119.027
1683.93	222.173
1686.22	239.983
1688.5	250.339
1690.79	199.697
1693.07	275.71
1695.35	245.667
1697.63	263.752
1699.91	277.386
1702.19	287.645
1704.47	359.625
1706.74	386.422
1709.02	555.799
1711.29	648.085
1713.56	771.612
1715.83	1042.89
1718.11	1178.41
1720.37	1624.29
1722.64	2167.99
1724.91	2418.68
1727.18	2351.7
1729.44	2252.79
1731.71	1896.66
1733.97	1547.83
1736.23	1304.82
1738.5	1160.01
1740.76	913.575
1743.02	888.233
1745.27	581.217
1747.53	591.516
1749.79	422.856
1752.04	315.633
1754.3	343.853
1756.55	388.989
1758.8	199.734
1761.05	343.704
1763.31	246.211
1765.55	258.783
1767.8	278.096
1770.05	211.797
1772.3	68.7663
1774.54	264.01
1776.79	178.461
1779.03	186.638
1781.27	169.973
1783.51	163.506
1785.75	261.734
1787.99	134.595
1790.23	170.379
1792.47	186.897
1794.7	159.862
1796.94	136.157
1799.17	167.877
1801.4	159.123
1803.64	172.374
1805.87	142.399
1808.1	199.907
1810.33	139.28
1812.55	133.564
1814.78	170.065
1817.01	212.549
1819.23	130.526
1821.46	211.96
1823.68	44.8026
1825.9	251.356
1828.12	154.655
1830.34	194.78
1832.56	164.011
1834.78	95.5129
1837	161.461
1839.21	180.295
1841.43	86.0627
1843.64	215.981
1845.85	108.756
1848.07	180.036
1850.28	131.746
1852.49	176.014
1854.7	107.232
1856.91	284.026
1859.11	119.503
1861.32	106.481
1863.52	252.692
1865.73	198.977
1867.93	100.78
1870.13	157.344
1872.33	187.645
1874.53	106.057
1876.73	170.354
1878.93	95.7325
1881.13	175.083
1883.32	134.204
1885.52	75.8853
1887.71	148.496
1889.91	106.98
1892.1	86.1841
1894.29	304.335
1896.48	103.559
1898.67	167.795
1900.86	222.343
1903.05	72.9954
1905.23	57.0166
1907.42	211.096
1909.6	41.041
1911.78	185.524
1913.97	188.177
1916.15	123.461
1918.33	94.8472
1920.51	194.855
1922.69	113.783
1924.86	106.406
1927.04	63.9241
1929.22	125.5
1931.39	28.8992
1933.56	152.202
1935.74	112.066
1937.91	90.7574
1940.08	215.832
1942.25	113.798
1944.42	207.871
1946.58	75.0182
1948.75	82.9559
1950.92	128.139
1953.08	133.79
1955.25	127.806
1957.41	139.831
1959.57	145.347
1961.73	141.727
1963.89	144.587
1966.05	35.237
1968.21	105.939
1970.36	174.365
1972.52	82.8003
1974.68	250.324
1976.83	146.574
1978.98	15.8788
1981.14	147.168
1983.29	170.041
1985.44	122.465
1987.59	101.374
1989.73	101.574
1991.88	132.548
1994.03	171.63
1996.17	55.0443
1998.32	131.725
