100.901	546.704
104.069	518.237
107.237	549.005
110.403	596.639
113.568	565.775
116.732	464.343
119.895	396.243
123.056	392.188
126.217	367.733
129.377	284.34
132.533	232.655
135.691	286.812
138.847	377.546
142	401.146
145.155	373.89
148.306	373.336
151.458	389.033
154.609	353.84
157.757	290.843
160.904	303.685
164.052	422.665
167.197	568.89
170.342	674.023
173.485	728.807
176.627	709.851
179.767	586.138
182.909	429.987
186.047	389.627
189.184	486.608
192.321	560.129
195.456	497.976
198.59	407.522
201.723	440.06
204.855	545.506
207.986	558.084
211.116	466.599
214.245	423.214
217.373	494.678
220.497	582.386
223.623	622.604
226.748	694.945
229.869	848.645
232.992	961.956
236.114	896.679
239.232	706.318
242.351	570.349
245.468	573.62
248.585	657.297
251.699	744.104
254.814	797.238
257.926	778.198
261.038	666.016
264.15	527.601
267.259	467.596
270.366	487.701
273.473	484.759
276.579	411.91
279.686	348.823
282.79	368.478
285.893	420.334
288.994	413.461
292.095	353.463
295.194	318.194
298.291	332.359
301.388	343.39
304.485	311.975
307.58	262.387
310.675	237.258
313.766	248.611
316.858	283.704
319.95	327.841
323.038	371.295
326.127	409.681
329.213	438.993
332.3	446.624
335.384	425.982
338.47	407.487
341.552	438.297
344.633	506.53
347.712	528.747
350.793	458.19
353.871	366.865
356.948	356.273
360.024	413.609
363.099	435.759
366.173	387.024
369.245	342.3
372.317	355.601
375.388	375.602
378.458	339.599
381.526	280.224
384.594	273.953
387.66	328.606
390.724	385.511
393.789	405.389
396.852	396.464
399.913	379.323
402.974	374.869
406.033	407.272
409.092	469.506
412.148	505.593
415.206	477.534
418.26	429.538
421.316	431.088
424.368	477.539
427.419	511.066
430.47	520.053
433.521	538.123
436.569	553.841
439.617	516.641
442.663	445.399
445.708	429.889
448.752	486.407
451.796	511.209
454.838	440.291
457.877	363.904
460.917	392.981
463.956	485.546
466.995	517.466
470.03	477.807
473.066	466.953
476.101	516.007
479.133	540.551
482.166	495.882
485.197	456.611
488.228	489.199
491.256	544.543
494.283	547.205
497.311	514.18
500.336	504.923
503.36	509.816
506.383	475.183
509.408	406.906
512.429	366.197
515.449	375.249
518.468	397.651
521.486	405.521
524.503	402.147
527.517	383.975
530.532	346.328
533.546	327.321
536.56	377.004
539.572	470.443
542.581	517.792
545.591	483.552
548.598	434.695
551.606	440.179
554.612	481.381
557.618	504.107
560.621	507.751
563.625	527.417
566.626	561.798
569.627	577.505
572.626	571.065
575.626	582.594
578.623	660.863
581.62	846.945
584.615	1157.39
587.609	1522.58
590.602	1763.28
593.595	1712.6
596.586	1387.03
599.574	985.454
602.564	697.025
605.552	552.879
608.54	480.106
611.524	435.556
614.509	430.949
617.492	462.562
620.475	486.373
623.456	471.989
626.437	441.4
629.416	438.041
632.394	475.815
635.372	529.322
638.348	564.815
641.322	571.76
644.296	562.835
647.269	547.917
650.24	523.846
653.211	500.113
656.181	508.618
659.15	550.82
662.118	560.535
665.085	499.076
668.05	499.512
671.013	806.09
673.977	1472.61
676.94	2178.25
679.9	2474.34
682.861	2230.29
685.819	1738.16
688.779	1355.28
691.735	1154.12
694.69	984.751
697.646	768.114
700.599	588.148
703.552	525.615
706.503	540.117
709.453	553.259
712.403	555.019
715.351	573.402
718.299	600.473
721.245	607.154
724.191	594.067
727.135	576.39
730.079	550.722
733.02	535.342
735.961	618.204
738.902	882.664
741.84	1264.96
744.779	1549.24
747.715	1554.33
750.652	1305.36
753.586	989.854
756.519	767.651
759.453	663.081
762.384	624.452
765.314	620.958
768.243	649.664
771.172	690.48
774.099	709.623
777.025	704.236
779.951	701.836
782.875	708.251
785.799	694.295
788.721	651.548
791.641	622.597
794.562	638.813
797.481	655.316
800.398	601.657
803.316	492.852
806.231	431.166
809.145	475.204
812.06	556.148
814.972	566.77
817.883	505.304
820.795	480.979
823.704	582.632
826.613	783.586
829.52	980.164
832.427	1088.68
835.332	1095.5
838.237	1043.8
841.14	989.212
844.041	951.605
846.943	901.322
849.844	808.929
852.743	704.789
855.64	653.382
858.538	660.241
861.434	651.054
864.33	573.944
867.223	480.37
870.115	454.031
873.008	488.487
875.899	501.881
878.788	465.105
881.677	439.308
884.565	465.762
887.451	492.052
890.337	458.688
893.222	404.243
896.106	412.096
898.989	479.755
901.869	521.253
904.75	499.819
907.63	478.658
910.508	512.987
913.386	563.284
916.261	568.251
919.138	548.977
922.012	566.873
924.884	608.413
927.758	600.532
930.629	543.924
933.499	539.849
936.368	643.555
939.236	767.227
942.103	799.68
944.969	770.735
947.835	800.814
950.699	901.737
953.562	936.389
956.423	814.331
959.285	639.155
962.145	585.939
965.003	681.013
967.862	788.227
970.718	796.108
973.575	731.74
976.43	676.867
979.283	652.351
982.135	630.079
984.987	602.787
987.839	583.216
990.689	563.835
993.538	535.504
996.385	533.294
999.23	606.276
1002.08	735.862
1004.92	832.343
1007.77	830.791
1010.61	756.292
1013.45	676.092
1016.29	619.831
1019.13	576.063
1021.97	547.708
1024.81	576.551
1027.64	708.855
1030.48	946.245
1033.31	1222.17
1036.15	1418.6
1038.98	1428.27
1041.81	1235.26
1044.64	944.267
1047.47	717.116
1050.3	667.246
1053.12	799.246
1055.95	1020.09
1058.78	1191.97
1061.6	1203.78
1064.42	1041.38
1067.25	802.643
1070.07	620.031
1072.89	554.26
1075.71	570.211
1078.53	605.281
1081.34	627.247
1084.16	622.957
1086.97	580.217
1089.79	518.35
1092.6	506.027
1095.41	595.557
1098.23	742.338
1101.04	836.714
1103.85	826.498
1106.65	766.01
1109.46	726.859
1112.27	712.048
1115.07	704.761
1117.88	755.445
1120.68	926.479
1123.48	1144.98
1126.28	1223.84
1129.08	1118.11
1131.88	1093.01
1134.68	1484.93
1137.48	2252.12
1140.27	2878.92
1143.07	2839.09
1145.86	2126.46
1148.66	1243.09
1151.45	684.852
1154.24	537.257
1157.03	570.747
1159.82	582.829
1162.61	545.549
1165.39	506.164
1168.18	494.449
1170.97	539.176
1173.75	668.163
1176.53	845.802
1179.32	972.265
1182.1	985.472
1184.88	921.953
1187.66	848.375
1190.43	780.074
1193.21	704.235
1195.99	637.446
1198.76	607.189
1201.54	605.776
1204.31	616.771
1207.08	664.343
1209.85	773.058
1212.63	886.659
1215.39	898.987
1218.16	788.634
1220.93	667.463
1223.7	655.955
1226.46	742.72
1229.23	808.675
1231.99	774.878
1234.75	683.819
1237.51	626.515
1240.27	621.381
1243.03	599.775
1245.79	515.837
1248.55	434.198
1251.31	460.065
1254.06	584.941
1256.82	669.935
1259.57	623.108
1262.32	529.494
1265.07	525.356
1267.82	590.551
1270.57	584.616
1273.32	479.147
1276.07	408.998
1278.82	452.251
1281.56	516.934
1284.31	548.988
1287.05	699.294
1289.79	1095.01
1292.54	1534.66
1295.28	1653.93
1298.02	1404.26
1300.75	1133.6
1303.49	1114.9
1306.23	1212.03
1308.97	1158.61
1311.7	980.526
1314.43	917.116
1317.17	1025.9
1319.9	1120.89
1322.63	1101.36
1325.36	1123.63
1328.09	1402.75
1330.82	2022.55
1333.54	2975.1
1336.27	4155.91
1339	5191.1
1341.72	5490.03
1344.44	4742.57
1347.17	3334.34
1349.89	2071.48
1352.61	1470.44
1355.33	1431.08
1358.04	1559.6
1360.76	1604.18
1363.48	1524.83
1366.19	1341.19
1368.91	1082.97
1371.62	825.907
1374.33	644.478
1377.05	535.629
1379.76	455.506
1382.47	402.608
1385.17	398.582
1387.88	417.183
1390.59	406.323
1393.29	365.063
1396	331.764
1398.7	310.336
1401.41	280.826
1404.11	276.927
1406.81	370.066
1409.51	556.772
1412.21	734.283
1414.91	824.054
1417.6	862.356
1420.3	926.565
1422.99	1023.91
1425.69	1114.55
1428.38	1212.49
1431.07	1381.98
1433.76	1620.1
1436.45	1818.11
1439.14	1911.76
1441.83	2050.76
1444.52	2508.56
1447.21	3326.02
1449.89	4079.64
1452.58	4160.58
1455.26	3385.25
1457.94	2251.27
1460.62	1462.05
1463.3	1235.34
1465.99	1218.94
1468.66	1055.13
1471.34	802.735
1474.02	717.433
1476.7	833.482
1479.37	965.886
1482.04	1000.71
1484.72	948.952
1487.39	775.664
1490.06	436.142
1492.73	88.513
1495.4	0
1498.07	164.152
1500.74	270.884
1503.4	183.327
1506.07	164.944
1508.73	422.716
1511.39	747.467
1514.06	1040.45
1516.72	1993.45
1519.38	4554.95
1522.04	8463.01
1524.7	11806.4
1527.36	12558.6
1530.01	10460.2
1532.67	7090.87
1535.32	4237.25
1537.98	2566.06
1540.63	1775.42
1543.28	1421.72
1545.93	1262.45
1548.58	1130.52
1551.23	934.259
1553.88	773.925
1556.53	793.052
1559.18	905.363
1561.82	873.878
1564.47	667.21
1567.11	524.909
1569.75	612.024
1572.4	798.826
1575.04	884.128
1577.68	878.955
1580.31	928.029
1582.95	1060.51
1585.59	1182.18
1588.23	1257.05
1590.86	1327.8
1593.5	1364.66
1596.13	1259.34
1598.76	1015.19
1601.39	807.905
1604.02	773.595
1606.65	830.502
1609.28	807.511
1611.91	683.828
1614.53	588.778
1617.16	593.282
1619.79	623.306
1622.41	598.609
1625.03	549.211
1627.65	534.012
1630.28	520.631
1632.9	435.017
1635.52	300.115
1638.13	233.929
1640.75	297.146
1643.37	413.253
1645.98	472.771
1648.6	463.037
1651.21	447.559
1653.82	456.824
1656.44	466.185
1659.05	469.795
1661.66	502.675
1664.27	567.661
1666.87	601.744
1669.48	560.102
1672.09	493.358
1674.69	486.753
1677.3	544.699
1679.9	593.852
1682.5	592.215
1685.1	572.234
1687.7	567.677
1690.3	563.88
1692.9	551.606
1695.5	572.623
1698.1	659.678
1700.69	766.956
1703.29	815.818
1705.88	790.001
1708.48	735.014
1711.07	681.801
1713.66	630.186
1716.25	598.497
1718.84	620.371
1721.43	681.03
1724.02	720.077
1726.6	718.619
1729.19	722.875
1731.77	754.095
1734.36	763.536
1736.94	725.129
1739.52	704.76
1742.1	759.212
1744.68	816.019
1747.26	758.05
1749.84	614.266
1752.42	554.926
1755	668.958
1757.57	840.699
1760.15	902.066
1762.72	835.344
1765.29	756.493
1767.86	747.315
1770.44	782.745
1773.01	802.857
1775.58	784.064
1778.14	738.986
1780.71	700.734
1783.28	708.759
1785.84	763.243
1788.41	796.92
1790.97	745.352
1793.53	646.407
1796.1	609.248
1798.66	670.695
1801.22	746.476
1803.78	755.089
1806.34	725.107
1808.89	724.344
1811.45	734.549
1814.01	678.056
1816.56	552.434
1819.11	453.652
1821.67	445.77
1824.22	475.854
1826.77	460.538
1829.32	409.023
1831.87	399.056
1834.42	447.438
1836.96	471.804
1839.51	405.186
1842.06	301.431
1844.6	275.168
1847.14	348.929
1849.69	417.397
1852.23	386.516
1854.77	301.651
1857.31	286.91
1859.85	379.845
1862.39	490.803
1864.92	530.499
1867.46	512.3
1870	501.705
1872.53	526.818
1875.07	585.506
1877.6	685.444
1880.13	808.415
1882.66	875.012
1885.19	829.355
1887.72	739.026
1890.25	718.57
1892.78	758.293
1895.3	735.642
1897.83	619.188
1900.35	544.928
1902.88	624.099
1905.4	773.539
1907.92	832.581
1910.44	777.622
1912.96	710.353
1915.48	680.716
1918	647.203
1920.52	598.835
1923.04	590.411
1925.55	636.853
1928.07	677.909
1930.58	675.622
1933.09	652.245
1935.61	607.83
1938.12	510.054
1940.63	407.249
1943.14	428.103
1945.65	589.456
1948.15	717.685
1950.66	672.268
1953.17	552.605
1955.67	544.683
1958.18	635.878
1960.68	653.266
1963.18	554.145
1965.68	487.441
1968.18	538.833
1970.68	596.506
1973.18	550.523
1975.68	477.037
1978.18	511.773
1980.67	646.285
1983.17	767.508
1985.66	821.906
1988.15	825.392
1990.65	776.498
1993.14	684.745
1995.63	637.95
1998.12	709.869
2000.61	827.658
2003.1	862.272
2005.59	833.521
2008.07	878.928
2010.56	1011.5
2013.04	1070.3
2015.52	966.501
2018.01	830.69
2020.49	821.687
2022.97	906.248
2025.45	943.152
2027.93	898.991
2030.41	852.052
2032.89	835.234
2035.36	806.871
2037.84	760.742
2040.31	748.321
2042.79	783.948
2045.26	817.312
2047.73	808.085
2050.2	756.897
2052.67	672.145
2055.14	585.947
2057.61	584.22
2060.08	713.737
2062.55	859.724
2065.01	840.133
2067.48	652.853
2069.94	505.997
2072.41	544.558
2074.87	665.384
2077.33	690.344
2079.79	615.483
2082.25	565.498
2084.71	576.241
2087.17	570.027
2089.63	522.228
2092.08	509.801
2094.54	574.07
2096.99	647.234
2099.45	654.329
2101.9	609.573
2104.35	577.223
2106.8	597.008
2109.25	669.925
2111.7	760.629
2114.15	801.725
2116.6	758.616
2119.04	697.821
2121.49	717.325
2123.94	801.652
2126.38	838.374
2128.82	797.646
2131.27	781.513
2133.71	844.529
2136.15	887.199
2138.59	820.351
2141.03	729.417
2143.46	748.563
2145.9	847.393
2148.34	886.994
2150.77	840.393
2153.21	801.28
2155.64	794.557
2158.07	747.407
2160.51	664.265
2162.94	658.293
2165.37	752.316
2167.8	807.898
2170.23	741.179
2172.66	666.555
2175.08	709.402
2177.51	800.6
2179.93	802.178
2182.36	737.354
2184.78	723.78
2187.2	746.337
2189.62	694.916
2192.04	605.818
2194.47	648.506
2196.88	830.174
2199.3	921.083
2201.72	779.188
2204.14	578.022
2206.55	561.042
2208.97	693.565
2211.38	742.913
2213.79	639.53
2216.21	557.264
2218.62	624.97
2221.03	740.349
2223.44	745.734
2225.85	658.428
2228.25	615.805
2230.66	660.112
2233.07	693.385
2235.47	637.423
2237.88	547.661
2240.28	535.302
2242.68	622.878
2245.08	720.468
2247.49	738.3
2249.89	688.115
2252.29	651.559
2254.68	666.789
2257.08	691.063
2259.48	686.049
2261.87	686.607
2264.27	738.109
2266.66	805.007
2269.06	813.951
2271.45	773.741
2273.84	769.123
2276.23	822.519
2278.62	846.308
2281.01	772.596
2283.4	656.561
2285.79	590.175
2288.17	571.322
2290.56	534.95
2292.94	477.955
2295.33	469.216
2297.71	543.741
2300.09	657.164
2302.47	746.564
2304.86	779.107
2307.23	746.786
2309.61	678.606
2311.99	655.299
2314.37	733.657
2316.75	842.459
2319.12	836.973
2321.49	691.878
2323.87	559.363
2326.24	577.534
2328.61	689.601
2330.99	731.815
2333.36	653.38
2335.73	556.232
2338.09	534.073
2340.46	565.137
2342.83	578.052
2345.2	547.791
2347.56	495.029
2349.92	443.641
2352.29	412.62
2354.65	414.897
2357.01	436.985
2359.38	445.751
2361.74	432.625
2364.09	423.688
2366.45	433.911
2368.81	446.502
2371.17	454.139
2373.52	479.517
2375.88	525.331
2378.23	540.937
2380.59	481.383
2382.94	378.457
2385.29	311.326
2387.64	316.847
2389.99	364.806
2392.34	414.374
2394.69	458.265
2397.04	508.104
2399.39	563.513
2401.73	602.897
2404.08	594.999
2406.42	530.097
2408.77	452.964
2411.11	439.941
2413.45	511.813
2415.79	591.871
2418.13	596.417
2420.47	552.929
2422.81	568.323
2425.15	673.681
2427.48	764.502
2429.82	729.44
2432.16	594.048
2434.49	491.802
2436.82	512.539
2439.16	616.376
2441.49	690.262
2443.82	665.002
2446.15	578.113
2448.48	528.894
2450.81	563.556
2453.14	614.525
2455.46	587.289
2457.79	499.649
2460.11	470.058
2462.44	547.22
2464.76	629.932
2467.08	616.659
2469.41	564.776
2471.73	602.281
2474.05	720.77
2476.37	779.719
2478.69	722.146
2481	662.061
2483.32	708.801
2485.64	808.655
2487.95	839.438
2490.27	786.401
2492.58	729.164
2494.89	699.017
2497.21	650.448
2499.52	564.031
2501.83	490.104
2504.14	479.346
2506.45	533.858
2508.75	634.789
2511.06	759.207
2513.37	860.389
2515.67	890.347
2517.98	860.216
2520.28	831.654
2522.58	837.434
2524.89	858.179
2527.19	880.532
2529.49	913.708
2531.79	935.855
2534.09	900.929
2536.39	829.63
2538.68	811.606
2540.98	865.064
2543.27	876.018
2545.57	756.09
2547.86	590.136
2550.16	523.37
2552.45	552.987
2554.74	557.096
2557.03	505.881
2559.32	498.872
2561.61	574.408
2563.9	628.298
2566.19	585.287
2568.47	525.356
2570.76	545.108
2573.04	595.204
2575.33	574.608
2577.61	514.138
2579.89	528.674
2582.18	622.428
2584.46	684.63
2586.74	677.841
2589.02	689.831
2591.29	765.642
2593.57	818.901
2595.85	775.081
2598.12	694.372
2600.4	667.375
2602.67	676.107
2604.95	657.512
2607.22	634.803
2609.49	667.139
2611.76	711.47
2614.04	667.519
2616.31	555.235
2618.57	515.107
2620.84	599.979
2623.11	685.398
2625.38	648.932
2627.64	540.56
2629.91	490.534
2632.17	522.127
2634.43	558.286
2636.7	569.287
2638.96	599.17
2641.22	652.677
2643.48	666.983
2645.74	624.878
2648	604.891
2650.25	666.536
2652.51	752.285
2654.77	768.232
2657.02	720.011
2659.27	699.255
2661.53	753.506
2663.78	835.846
2666.03	885.005
2668.28	896.163
2670.53	892.841
2672.78	874.769
2675.03	827.686
2677.28	761.565
2679.53	706.12
2681.77	673.47
2684.02	646.934
2686.26	608.393
2688.51	565.14
2690.75	546.727
2692.99	576.683
2695.23	643.603
2697.48	701.535
2699.72	710.395
2701.96	679.253
2704.19	657.113
2706.43	676.262
2708.67	720.855
2710.9	759.884
2713.14	789.296
2715.37	819.918
2717.61	841.032
2719.84	829.679
2722.07	793.079
2724.3	766.379
2726.53	758.785
2728.76	735.137
2730.99	672.318
2733.22	606.549
2735.45	591.114
2737.67	620.662
2739.9	635.484
2742.12	602.588
2744.35	557.097
2746.57	548.711
2748.79	575.349
2751.01	594.523
2753.23	584.155
2755.45	563.537
2757.67	556.98
2759.89	562.159
2762.11	562.095
2764.33	551.9
2766.54	542.233
2768.76	543.131
2770.97	552.221
2771.92	557.028
2774.17	547.983
2776.42	533.569
2778.66	540.176
2780.91	586.338
2783.15	656.32
2785.4	712.047
2787.64	734.269
2789.88	735.563
2792.13	725.762
2794.37	689.017
2796.61	619.365
2798.85	560.399
2801.09	568.33
2803.33	633.439
2805.56	680.836
2807.8	669.367
2810.04	651.117
2812.27	694.835
2814.51	779.492
2816.74	822.259
2818.97	808.241
2821.21	826.36
2823.44	948.564
2825.67	1130.21
2827.9	1286.52
2830.13	1436.07
2832.36	1698.31
2834.59	2150.89
2836.82	2758.57
2839.04	3460.92
2841.27	4252.64
2843.49	5109.42
2845.72	5876.63
2847.95	6327.24
2850.17	6357.94
2852.39	6082.98
2854.61	5715.43
2856.84	5396.19
2859.06	5156.88
2861.27	4989.69
2863.49	4884.64
2865.71	4813.15
2867.93	4748.23
2870.15	4730.78
2872.36	4871.04
2874.58	5232.59
2876.8	5714.75
2879.01	6084.25
2881.22	6148.22
2883.44	5904.41
2885.65	5527.18
2887.86	5213.87
2890.07	5043.52
2892.28	4968.61
2894.49	4912.51
2896.7	4844.85
2898.91	4763.29
2901.12	4645.05
2903.32	4461.11
2905.53	4233.7
2907.73	4038.24
2909.94	3930.99
2912.14	3898.6
2914.35	3893.59
2916.55	3892.48
2918.75	3895.06
2920.95	3890.16
2923.15	3859.15
2925.35	3803.96
2927.55	3735.65
2929.75	3635.16
2931.95	3460.88
2934.14	3202.6
2936.34	2897.63
2938.54	2583.9
2940.73	2269.72
2942.92	1965.73
2945.12	1711.38
2947.31	1538.62
2949.5	1432.17
2951.69	1358.1
2953.88	1311.78
2956.07	1298.72
2958.26	1282.84
2960.45	1207.44
2962.64	1076.91
2964.83	971.947
2967.01	958.136
2969.2	1008.58
2971.38	1042.87
2973.57	1020.78
2975.75	968.793
2977.93	927.186
2980.12	900.809
2982.3	863.375
2984.48	792.89
2986.66	699.634
2988.84	622.176
2991.02	586.031
2993.2	564.768
2995.37	507.774
2997.55	420.846
2999.73	384.839
3001.9	456.134
3004.08	572.923
3006.25	615.472
3008.43	554.646
3010.6	479.446
3012.77	463.166
3014.94	468.659
3017.11	430.982
3019.28	380.197
3021.45	406.783
3023.62	518.926
3025.79	609.082
3027.95	584.223
3030.12	479.243
3032.29	409.622
3034.45	443.492
3036.62	554.536
3038.78	683.202
3040.94	807.329
3043.1	947.333
3045.27	1119.84
3047.43	1295.56
3049.59	1406.65
3051.75	1406
3053.91	1319.19
3056.06	1218.99
3058.22	1141.35
3060.38	1052.27
3062.53	916.073
3064.69	768.31
3066.84	681.67
3069	670.843
3071.15	676.412
3073.31	649.779
3075.46	611.495
3077.61	604.368
3079.76	625.412
3081.91	640.514
3084.06	645.024
3086.21	665.732
3088.35	704.431
3090.5	720.279
3092.65	683.702
3094.79	620.631
3096.94	582.215
3099.08	586.1
3101.23	607.787
3103.37	620.161
3105.51	619.72
3107.66	615.862
3109.8	615.839
3111.94	627.289
3114.08	659.223
3116.21	706.576
3118.35	741.243
3120.49	734.482
3122.63	691.426
3124.76	652.833
3126.9	654.333
3129.04	687.97
3131.17	713.341
3133.3	707.049
3135.44	689.357
3137.57	692.867
3139.7	714.333
3141.83	717.822
3143.96	689.138
3146.09	663.984
3148.22	681.853
3150.35	726.059
3152.48	741.072
3154.6	710.197
3156.73	679.804
3158.85	686.826
3160.98	694.889
3163.1	643.352
3165.23	545.533
3167.35	486.488
3169.47	512.063
3171.59	567.573
3173.71	578.161
3175.83	554.728
3177.95	572.895
3180.07	661.545
3182.19	762.656
3184.31	806.646
3186.42	785.429
3188.54	738.24
3190.66	703.244
3192.77	702.228
3194.88	736.809
3197	771.72
3199.11	753.655
3201.22	682.363
3203.33	635.42
3205.44	676.651
3207.55	760.019
3209.66	781.903
3211.77	723.53
3213.88	675.899
3215.99	707.153
3218.09	770.048
3220.2	780.919
3222.3	738.22
3224.41	705.343
3226.51	708.151
3228.62	715.044
3230.72	707.93
3232.82	708.456
3234.92	725.291
3237.02	731.133
3239.12	712.725
3241.22	698.862
3243.32	712.464
3245.42	731.483
3247.52	727.542
3249.61	713.658
3251.71	719.689
3253.8	741.787
3255.9	751.103
3257.99	739.403
3260.08	723.714
3262.18	714.323
3264.27	707.508
3266.36	703.102
3268.45	701.893
3270.54	693.231
3272.63	673.389
3274.72	666.542
3276.81	693.254
3278.89	725.589
3280.98	715.372
3283.07	667.205
3285.15	637.018
3287.24	648.789
3289.32	662.606
3291.4	647.238
3293.49	634.358
3295.57	662.628
3297.65	708.947
3299.73	724.293
3301.81	709.093
3303.89	699.341
3305.97	697.915
3308.05	680.056
3310.12	658.493
3312.2	675.948
3314.28	723.415
3316.35	732.518
3318.43	677.674
3320.5	627.385
3322.57	649.404
3324.65	709.635
3326.72	721.153
3328.79	666.814
3330.86	612.971
3332.93	609.481
3335	633.901
3337.07	644.432
3339.14	639.931
3341.2	644.298
3343.27	662.812
3345.34	679.597
3347.4	682.84
3349.47	674.682
3351.53	664.795
3353.59	662.579
3355.66	666.258
3357.72	658.038
3359.78	625.467
3361.84	588.15
3363.9	581.428
3365.96	609.113
3368.02	637.537
3370.08	644.823
3372.14	646.652
3374.19	657.165
3376.25	656.676
3378.3	628.034
3380.36	599.313
3382.41	609.685
3384.47	645.556
3386.52	654.655
3388.57	623.925
3390.62	600.385
3392.67	621.17
3394.72	659.262
3396.77	662.871
3398.82	625.087
3400.87	587.691
3402.92	586.976
3404.97	617.824
3407.01	647.139
3409.06	647.146
3411.1	617.418
3413.15	584.275
3415.19	576.156
3417.23	594.201
3419.28	613.104
3421.32	614.985
3423.36	611.864
3425.4	627.011
3427.44	663.249
3429.48	697.281
3431.52	698.575
3433.56	653.756
3435.59	587.585
3437.63	558.106
3439.67	600.988
3441.7	669.803
3443.73	671.917
3445.77	590.997
3447.8	530.348
3449.84	581.893
3451.87	685.679
3453.9	698.261
3455.93	594.444
3457.96	508.281
3459.99	542.158
3462.02	624.03
3464.04	624.327
3466.07	548.976
3468.1	516.588
3470.13	570.17
3472.15	620.952
3474.18	596.502
3476.2	546.843
3478.22	551.352
3480.25	592.486
3482.27	595.448
3484.29	553.276
3486.31	532.928
3488.33	565.338
3490.35	600.929
3492.37	589.912
3494.39	551.423
3496.41	533.996
3498.42	545.379
