100.901	1058.33
104.069	1017.71
107.237	1018.91
110.403	942.574
113.568	913.897
116.732	895.642
119.895	880.513
123.056	836.461
126.217	816.445
129.377	787.236
132.533	802.881
135.691	830.146
138.847	802.638
142	751.842
145.155	761.752
148.306	756.106
151.458	770.663
154.609	761.175
157.757	764.988
160.904	736.867
164.052	796.312
167.197	732.66
170.342	745.756
173.485	784.918
176.627	759.25
179.767	773.301
182.909	729.465
186.047	746.8
189.184	716.959
192.321	764.318
195.456	744.034
198.59	756.097
201.723	723.303
204.855	749.671
207.986	751.314
211.116	740.45
214.245	741.413
217.373	750.253
220.497	779.171
223.623	750.966
226.748	734.114
229.869	715.374
232.992	748.031
236.114	750.678
239.232	759.031
242.351	741.938
245.468	741.958
248.585	738.788
251.699	736.351
254.814	719.824
257.926	722.879
261.038	742.771
264.15	720.542
267.259	725.906
270.366	709.549
273.473	718.12
276.579	727.885
279.686	699.864
282.79	715.905
285.893	717.288
288.994	747.081
292.095	708.773
295.194	700.999
298.291	732.758
301.388	695.231
304.485	724.518
307.58	691.878
310.675	673.474
313.766	707.714
316.858	692.739
319.95	706.457
323.038	715.624
326.127	698.936
329.213	701.402
332.3	715.035
335.384	683.446
338.47	719.755
341.552	736.248
344.633	742.524
347.712	742.782
350.793	726.855
353.871	752.714
356.948	717.308
360.024	733.769
363.099	704.355
366.173	719.015
369.245	708.28
372.317	726.129
375.388	718.271
378.458	706.36
381.526	712.179
384.594	716.145
387.66	710.389
390.724	715.637
393.789	717.767
396.852	733.688
399.913	709.658
402.974	733.022
406.033	727.018
409.092	710.963
412.148	695.071
415.206	717.247
418.26	687.86
421.316	717.992
424.368	708.252
427.419	737.878
430.47	707.672
433.521	722.947
436.569	710.793
439.617	708.769
442.663	721.884
445.708	699.825
448.752	710.528
451.796	702.332
454.838	707.895
457.877	720.785
460.917	718.127
463.956	699.85
466.995	755.401
470.03	727.342
473.066	719.071
476.101	733.03
479.133	741.725
482.166	716.805
485.197	735.396
488.228	744.245
491.256	749.725
494.283	713.913
497.311	722.737
500.336	753.955
503.36	741.443
506.383	719.481
509.408	726.008
512.429	742.717
515.449	710.717
518.468	734.183
521.486	724.538
524.503	711.015
527.517	726.792
530.532	721.12
533.546	737.201
536.56	725.57
539.572	754.252
542.581	738.095
545.591	735.223
548.598	745.63
551.606	752.151
554.612	748.778
557.618	759.958
560.621	737.122
563.625	741.065
566.626	753.569
569.627	754.23
572.626	724.057
575.626	729.226
578.623	769.7
581.62	751.995
584.615	751.614
587.609	742.058
590.602	762.901
593.595	718.752
596.586	755.515
599.574	747.423
602.564	742.756
605.552	737.847
608.54	718.037
611.524	735.701
614.509	742.001
617.492	745.354
620.475	750.541
623.456	745.348
626.437	750.494
629.416	751.5
632.394	737.754
635.372	744.399
638.348	734.369
641.322	748.414
644.296	740.06
647.269	748.488
650.24	736.933
653.211	729.059
656.181	733.116
659.15	737.476
662.118	750.508
665.085	744.285
668.05	736.349
671.013	686.769
673.977	745.132
676.94	740.418
679.9	733.353
682.861	721.556
685.819	712.087
688.779	710.834
691.735	712.997
694.69	721.968
697.646	722.193
700.599	708.843
703.552	747.015
706.503	708.002
709.453	732.571
712.403	739.417
715.351	729.871
718.299	722.702
721.245	737.631
724.191	746.383
727.135	762.897
730.079	697.908
733.02	753.484
735.961	730.598
738.902	734.717
741.84	720.993
744.779	716.957
747.715	729.305
750.652	729.195
753.586	722.271
756.519	749.83
759.453	734.038
762.384	741.553
765.314	730.011
768.243	709.649
771.172	739.137
774.099	732.942
777.025	736.97
779.951	701.071
782.875	730.872
785.799	717.009
788.721	733.954
791.641	702.712
794.562	743.082
797.481	706.733
800.398	713.207
803.316	749.652
806.231	712.473
809.145	720.17
812.06	732.272
814.972	725.783
817.883	723.545
820.795	730.091
823.704	737.564
826.613	731.521
829.52	728.008
832.427	759.593
835.332	747.987
838.237	707.956
841.14	749.812
844.041	754.224
846.943	739.024
849.844	734.109
852.743	738.316
855.64	748.214
858.538	742.486
861.434	727.785
864.33	722.064
867.223	737.75
870.115	706.197
873.008	733.109
875.899	721.427
878.788	763.495
881.677	719.182
884.565	737.569
887.451	728.483
890.337	720.347
893.222	739.102
896.106	720.841
898.989	714.89
901.869	712.163
904.75	723.678
907.63	720.486
910.508	749.187
913.386	742.383
916.261	707.105
919.138	704.999
922.012	742.416
924.884	725.516
927.758	718.926
930.629	719.432
933.499	722.69
936.368	735.129
939.236	731.542
942.103	738.896
944.969	740.714
947.835	711.859
950.699	708.107
953.562	716.559
956.423	704.496
959.285	708.009
962.145	711.637
965.003	715.182
967.862	706.337
970.718	744.637
973.575	726.265
976.43	758.417
979.283	729.465
982.135	717.918
984.987	737.001
987.839	738.164
990.689	732.563
993.538	751.056
996.385	724.485
999.23	727.422
1002.08	756.278
1004.92	729.093
1007.77	762.414
1010.61	755.232
1013.45	745.898
1016.29	725.041
1019.13	764.588
1021.97	757.463
1024.81	727.377
1027.64	779.635
1030.48	743.898
1033.31	771.172
1036.15	772.184
1038.98	769.231
1041.81	752.688
1044.64	770.328
1047.47	772.148
1050.3	799.693
1053.12	813.603
1055.95	956.085
1058.78	1301.71
1061.6	1545.57
1064.42	1493.22
1067.25	1129.06
1070.07	938.137
1072.89	821.989
1075.71	806.769
1078.53	808.57
1081.34	823.142
1084.16	830.052
1086.97	826.064
1089.79	819.718
1092.6	828.071
1095.41	810.324
1098.23	810.337
1101.04	831.204
1103.85	818.824
1106.65	807.539
1109.46	833.365
1112.27	855.265
1115.07	833.628
1117.88	887.879
1120.68	940.292
1123.48	1099.25
1126.28	1440.39
1129.08	1746.14
1131.88	1532.61
1134.68	1099.28
1137.48	913.221
1140.27	856.493
1143.07	830.374
1145.86	798.522
1148.66	772.206
1151.45	801.143
1154.24	806.314
1157.03	828.154
1159.82	819.743
1162.61	839.439
1165.39	891.513
1168.18	979.165
1170.97	1009.23
1173.75	884.072
1176.53	832.965
1179.32	772.197
1182.1	834.883
1184.88	805.249
1187.66	807.961
1190.43	798.993
1193.21	816.949
1195.99	800.093
1198.76	804.8
1201.54	814.38
1204.31	810.268
1207.08	813.377
1209.85	838.166
1212.63	786.767
1215.39	805.346
1218.16	814.508
1220.93	801.049
1223.7	830.382
1226.46	823.179
1229.23	818.381
1231.99	821.151
1234.75	842.598
1237.51	837.195
1240.27	830.116
1243.03	843.478
1245.79	824.687
1248.55	826.226
1251.31	826.833
1254.06	839.603
1256.82	840.16
1259.57	835.528
1262.32	845.983
1265.07	853.34
1267.82	874.946
1270.57	875.368
1273.32	863.75
1276.07	852.21
1278.82	884.393
1281.56	903.211
1284.31	899.342
1287.05	930.755
1289.79	1116.47
1292.54	1758.05
1295.28	2303.33
1298.02	1846.79
1300.75	1128.06
1303.49	953.384
1306.23	938.693
1308.97	902.817
1311.7	899.149
1314.43	871.289
1317.17	839.447
1319.9	887.696
1322.63	879.969
1325.36	852.54
1328.09	831.408
1330.82	835.418
1333.54	827.741
1336.27	863.888
1339	829.731
1341.72	844.239
1344.44	832.068
1347.17	823.992
1349.89	848.804
1352.61	852.112
1355.33	848.791
1358.04	825.853
1360.76	831.781
1363.48	857.551
1366.19	861.265
1368.91	908.576
1371.62	901.931
1374.33	893.232
1377.05	859.664
1379.76	849.111
1382.47	832.59
1385.17	822.961
1387.88	817.114
1390.59	838.94
1393.29	811.53
1396	831.799
1398.7	856.891
1401.41	848.08
1404.11	850.28
1406.81	861.441
1409.51	896.322
1412.21	1023.08
1414.91	1280.71
1417.6	1370.93
1420.3	1218.93
1422.99	1067.52
1425.69	1040.52
1428.38	1038.35
1431.07	1077.53
1433.76	1260.21
1436.45	1519.48
1439.14	1797.61
1441.83	1778.85
1444.52	1537.2
1447.21	1333.3
1449.89	1230.99
1452.58	1224.23
1455.26	1235.36
1457.94	1281.64
1460.62	1301.77
1463.3	1336.35
1465.99	1275.61
1468.66	1208.04
1471.34	1085.15
1474.02	1041.16
1476.7	966.112
1479.37	928.029
1482.04	926.899
1484.72	912.971
1487.39	876.464
1490.06	905.381
1492.73	881.498
1495.4	835.028
1498.07	853.033
1500.74	847.353
1503.4	815.98
1506.07	858.862
1508.73	812.499
1511.39	823.817
1514.06	815.481
1516.72	841.224
1519.38	834.535
1522.04	844.236
1524.7	806.03
1527.36	817.365
1530.01	840.185
1532.67	832.772
1535.32	837.806
1537.98	834.961
1540.63	867.629
1543.28	817.637
1545.93	832.181
1548.58	823.989
1551.23	819.956
1553.88	820.032
1556.53	837.468
1559.18	823.568
1561.82	798.279
1564.47	811.01
1567.11	794.208
1569.75	835.313
1572.4	823.29
1575.04	801.011
1577.68	814.999
1580.31	784.722
1582.95	788.811
1585.59	827.213
1588.23	787.867
1590.86	786.388
1593.5	797.126
1596.13	802.998
1598.76	805.977
1601.39	818.536
1604.02	809.392
1606.65	793.772
1609.28	835.423
1611.91	833.301
1614.53	794.747
1617.16	806.406
1619.79	808.079
1622.41	798.816
1625.03	807.326
1627.65	794.739
1630.28	801.235
1632.9	793.658
1635.52	787.218
1638.13	799.818
1640.75	810.494
1643.37	804.042
1645.98	801.247
1648.6	780.475
1651.21	789.92
1653.82	788.237
1656.44	790.589
1659.05	783.826
1661.66	783.861
1664.27	765.188
1666.87	778.46
1669.48	777.569
1672.09	770.061
1674.69	766.352
1677.3	773.094
1679.9	764.914
1682.5	756.828
1685.1	776.104
1687.7	755.837
1690.3	762.915
1692.9	751.152
1695.5	762.038
1698.1	752.086
1700.69	769.364
1703.29	771.265
1705.88	759.657
1708.48	752.571
1711.07	769.935
1713.66	754.296
1716.25	762.296
1718.84	769.376
1721.43	758.521
1724.02	772.951
1726.6	741.183
1729.19	765.659
1731.77	767.491
1734.36	782.34
1736.94	735.383
1739.52	729.525
1742.1	745.026
1744.68	744.641
1747.26	740.591
1749.84	746.858
1752.42	748.621
1755	721.865
1757.57	756.223
1760.15	750.029
1762.72	758.701
1765.29	718.637
1767.86	726.592
1770.44	735.519
1773.01	727.902
1775.58	718.459
1778.14	746.746
1780.71	746.578
1783.28	748.362
1785.84	730.997
1788.41	736.811
1790.97	738.25
1793.53	756.522
1796.1	742.797
1798.66	738.482
1801.22	741.661
1803.78	738.295
1806.34	717.963
1808.89	731.637
1811.45	728.241
1814.01	721.837
1816.56	704.258
1819.11	713.838
1821.67	719.989
1824.22	714.29
1826.77	722.705
1829.32	713.312
1831.87	730.781
1834.42	707.627
1836.96	728.945
1839.51	709.594
1842.06	728.216
1844.6	724.182
1847.14	701.478
1849.69	707.701
1852.23	714.954
1854.77	727.86
1857.31	713.019
1859.85	711.072
1862.39	710.826
1864.92	705.836
1867.46	709.997
1870	733.466
1872.53	722.266
1875.07	725.821
1877.6	700.102
1880.13	716.183
1882.66	713.781
1885.19	718.502
1887.72	717.825
1890.25	681.288
1892.78	727.397
1895.3	689.095
1897.83	720.579
1900.35	723.357
1902.88	694.578
1905.4	719.895
1907.92	703.749
1910.44	672.393
1912.96	707.148
1915.48	717.786
1918	681.558
1920.52	734.126
1923.04	686.076
1925.55	699.61
1928.07	681.244
1930.58	697.367
1933.09	698.921
1935.61	691.41
1938.12	684.913
1940.63	671.241
1943.14	685.149
1945.65	722.114
1948.15	688.375
1950.66	707.703
1953.17	678.83
1955.67	684.524
1958.18	660.324
1960.68	701.13
1963.18	682.767
1965.68	677.173
1968.18	681.683
1970.68	657.003
1973.18	669.08
1975.68	669.356
1978.18	664.152
1980.67	665.209
1983.17	669.683
1985.66	663.892
1988.15	667.868
1990.65	686.135
1993.14	679.003
1995.63	663.844
1998.12	670.42
2000.61	672.703
2003.1	671.681
2005.59	646.846
2008.07	686.595
2010.56	685.409
2013.04	696.729
2015.52	671.374
2018.01	677.974
2020.49	682.681
2022.97	670.512
2025.45	664.752
2027.93	672.592
2030.41	689.608
2032.89	671.313
2035.36	656.706
2037.84	672.452
2040.31	664.253
2042.79	673.133
2045.26	667.91
2047.73	664.617
2050.2	655.989
2052.67	663.428
2055.14	653.584
2057.61	671.426
2060.08	649.471
2062.55	645.563
2065.01	658.1
2067.48	657.332
2069.94	672.134
2072.41	656.957
2074.87	654.215
2077.33	663.835
2079.79	665.817
2082.25	663.027
2084.71	633.793
2087.17	649.26
2089.63	635.664
2092.08	638.434
2094.54	651.062
2096.99	639.768
2099.45	662.805
2101.9	636.616
2104.35	659.509
2106.8	664.405
2109.25	649.484
2111.7	630.889
2114.15	660.014
2116.6	647.233
2119.04	667.568
2121.49	664.28
2123.94	663.654
2126.38	641.589
2128.82	639.322
2131.27	654.032
2133.71	656.232
2136.15	667.287
2138.59	649.083
2141.03	674.315
2143.46	657.231
2145.9	633.323
2148.34	631.659
2150.77	639.843
2153.21	642.889
2155.64	665.334
2158.07	619.364
2160.51	635.693
2162.94	632.711
2165.37	626.244
2167.8	655.762
2170.23	646.915
2172.66	653.184
2175.08	640.439
2177.51	664.714
2179.93	648.778
2182.36	676.753
2184.78	671.25
2187.2	666.456
2189.62	651.819
2192.04	660.012
2194.47	639.158
2196.88	640.477
2199.3	665.836
2201.72	620.71
2204.14	622.51
2206.55	620.807
2208.97	635.958
2211.38	629.786
2213.79	636.981
2216.21	632.668
2218.62	665.065
2221.03	634.909
2223.44	627.889
2225.85	610.799
2228.25	641.147
2230.66	617.438
2233.07	627.93
2235.47	606.107
2237.88	618.727
2240.28	635.156
2242.68	651.7
2245.08	636.473
2247.49	634.716
2249.89	627.338
2252.29	619.787
2254.68	608.418
2257.08	622.426
2259.48	615.279
2261.87	628.986
2264.27	642.613
2266.66	646.223
2269.06	635.34
2271.45	628.249
2273.84	626.724
2276.23	605.967
2278.62	608.784
2281.01	618.618
2283.4	622.641
2285.79	612.737
2288.17	641.017
2290.56	620.199
2292.94	635.051
2295.33	627.39
2297.71	618.036
2300.09	614.093
2302.47	625.364
2304.86	614.578
2307.23	625.19
2309.61	601.252
2311.99	622.266
2314.37	613.58
2316.75	628.304
2319.12	626.12
2321.49	620.464
2323.87	621.062
2326.24	626.012
2328.61	625.477
2330.99	627.423
2333.36	613.353
2335.73	623.021
2338.09	591.473
2340.46	597.744
2342.83	632.794
2345.2	584.208
2347.56	588.73
2349.92	603.539
2352.29	606.133
2354.65	623.325
2357.01	637.933
2359.38	629.555
2361.74	612.059
2364.09	613.585
2366.45	610.98
2368.81	593.094
2371.17	609.947
2373.52	605.423
2375.88	590.653
2378.23	590.245
2380.59	613.477
2382.94	601.514
2385.29	598.192
2387.64	600.943
2389.99	622.254
2392.34	595.052
2394.69	593.803
2397.04	617.586
2399.39	637.127
2401.73	608.269
2404.08	599.55
2406.42	596.804
2408.77	595.025
2411.11	601.673
2413.45	600.853
2415.79	617.509
2418.13	622.448
2420.47	624.016
2422.81	632.256
2425.15	599.736
2427.48	621.427
2429.82	613.999
2432.16	606.52
2434.49	616.392
2436.82	616.88
2439.16	588.034
2441.49	584.862
2443.82	603.257
2446.15	593.548
2448.48	608.087
2450.81	587.211
2453.14	603.736
2455.46	616.12
2457.79	604.372
2460.11	608.182
2462.44	605.213
2464.76	620.343
2467.08	587.593
2469.41	604.46
2471.73	583.505
2474.05	603.845
2476.37	578.088
2478.69	594.321
2481	636.823
2483.32	602.753
2485.64	579.368
2487.95	610.199
2490.27	603.245
2492.58	606.174
2494.89	583.737
2497.21	594.159
2499.52	606.264
2501.83	595.454
2504.14	600.201
2506.45	599.18
2508.75	592.392
2511.06	614.212
2513.37	609.048
2515.67	611.29
2517.98	594.201
2520.28	601.08
2522.58	595.964
2524.89	590.84
2527.19	578.669
2529.49	599.904
2531.79	594.947
2534.09	599.332
2536.39	583.401
2538.68	580.736
2540.98	571.159
2543.27	596.749
2545.57	591.129
2547.86	576.741
2550.16	583.107
2552.45	579.612
2554.74	573.226
2557.03	598.14
2559.32	579.79
2561.61	578.728
2563.9	582.777
2566.19	590.257
2568.47	570.547
2570.76	574.103
2573.04	589.174
2575.33	598.436
2577.61	579.606
2579.89	590.702
2582.18	603.265
2584.46	607.753
2586.74	593.554
2589.02	608.086
2591.29	601.095
2593.57	594.349
2595.85	603.75
2598.12	592.847
2600.4	603.301
2602.67	599.31
2604.95	591.965
2607.22	598.291
2609.49	594.488
2611.76	589.914
2614.04	609.854
2616.31	607.051
2618.57	591.982
2620.84	586.996
2623.11	587.424
2625.38	590.718
2627.64	579.149
2629.91	574.384
2632.17	584.332
2634.43	585.948
2636.7	600.63
2638.96	596.064
2641.22	583.305
2643.48	591.988
2645.74	597.169
2648	603.763
2650.25	600.335
2652.51	600.054
2654.77	602.791
2657.02	606.445
2659.27	598.227
2661.53	588.606
2663.78	584.599
2666.03	579.982
2668.28	574.804
2670.53	576.888
2672.78	588.758
2675.03	582.604
2677.28	582.447
2679.53	587.847
2681.77	592.436
2684.02	589.587
2686.26	610.802
2688.51	604.397
2690.75	612.168
2692.99	614.945
2695.23	625.568
2697.48	658.397
2699.72	657.603
2701.96	662.629
2704.19	698.35
2706.43	710.932
2708.67	742.358
2710.9	749.118
2713.14	784.895
2715.37	814.064
2717.61	824.681
2719.84	846.591
2722.07	856.321
2724.3	830.139
2726.53	794.14
2728.76	770.279
2730.99	735.255
2733.22	692.55
2735.45	660.843
2737.67	632.651
2739.9	614.453
2742.12	604.856
2744.35	588.175
2746.57	573.29
2748.79	561.179
2749.81	554.798
2752.07	558.386
2754.32	556.509
2756.57	542.196
2758.83	566.963
2761.08	545.022
2763.33	556.675
2765.58	541.843
2767.83	545.718
2770.08	555.821
2772.33	559.706
2774.57	541.055
2776.82	548.211
2779.07	551.528
2781.31	550.155
2783.56	538.553
2785.8	549.447
2788.04	542.241
2790.29	550.516
2792.53	547.815
2794.77	565.383
2797.01	583.021
2799.25	557.204
2801.49	567.328
2803.73	559.655
2805.97	581.593
2808.2	622.158
2810.44	602.6
2812.67	623.295
2814.91	622.753
2817.14	664.021
2819.37	701.328
2821.61	745.7
2823.84	775.554
2826.07	893.191
2828.3	1002.46
2830.53	1189.14
2832.76	1458.34
2834.99	1867.64
2837.22	2373.87
2839.44	3020.67
2841.67	3748.34
2843.9	4344.26
2846.12	4658.23
2848.34	4640.27
2850.57	4285.08
2852.79	3912.74
2855.01	3488.83
2857.23	3224.01
2859.45	2968.68
2861.68	2832.74
2863.89	2683.21
2866.11	2655.68
2868.33	2641.2
2870.55	2784.6
2872.76	3072.4
2874.98	3624.27
2877.19	4679.37
2879.41	6332.96
2881.62	6866.66
2883.83	5414.86
2886.05	3850.92
2888.26	3083.9
2890.47	2742.35
2892.68	2579.96
2894.89	2512.63
2897.1	2444.18
2899.3	2396.09
2901.51	2285.98
2903.72	2172
2905.92	2009.78
2908.13	1933.54
2910.34	1778.21
2912.54	1698.41
2914.74	1632.25
2916.94	1585.8
2919.15	1556.25
2921.35	1533.42
2923.55	1510.06
2925.75	1510.74
2927.95	1521.3
2930.14	1480.79
2932.34	1406.12
2934.54	1317.96
2936.73	1233.35
2938.93	1136.83
2941.12	1018.98
2943.32	927.244
2945.51	865.313
2947.7	768.991
2949.89	682.487
2952.09	659.485
2954.28	654.923
2956.47	641.481
2958.66	597.056
2960.84	584.985
2963.03	586.864
2965.22	568.146
2967.41	548.707
2969.59	519.725
2971.78	557.493
2973.96	553.374
2976.14	544.839
2978.33	566.34
2980.51	568.885
2982.69	544.507
2984.87	563.282
2987.05	527.211
2989.23	538.505
2991.41	529.26
2993.59	530.898
2995.76	524.544
2997.94	531.36
3000.12	538.986
3002.29	506.74
3004.47	525.326
3006.64	508.296
3008.81	505.69
3010.99	495.044
3013.16	469.206
3015.33	491.843
3017.5	483.494
3019.67	488.246
3021.84	466.408
3024.01	482.093
3026.17	462.447
3028.34	470.842
3030.51	474.857
3032.67	473.101
3034.84	472.1
3037	453.206
3039.16	470.273
3041.33	468.67
3043.49	467.731
3045.65	454.518
3047.81	458.445
3049.97	450.179
3052.13	446.977
3054.29	428.852
3056.45	465.121
3058.61	453.538
3060.76	441.209
3062.92	438.075
3065.07	441.975
3067.23	457.917
3069.38	434.711
3071.53	450.724
3073.69	453.325
3075.84	443.937
3077.99	450.205
3080.14	441.534
3082.29	447.709
3084.44	438.229
3086.59	448.592
3088.74	433.469
3090.88	423.345
3093.03	425.257
3095.17	432.776
3097.32	400.631
3099.46	420.706
3101.61	421.667
3103.75	407.16
3105.89	411.766
3108.03	415.056
3110.17	409.976
3112.32	405.615
3114.45	394.888
3116.59	412.183
3118.73	390.787
3120.87	406.537
3123.01	392.851
3125.14	398.818
3127.28	403.425
3129.41	394.777
3131.55	395.208
3133.68	392.101
3135.81	412.626
3137.94	401.701
3140.08	383.1
3142.21	396.473
3144.34	393.193
3146.46	392.064
3148.59	387.565
3150.72	385.932
3152.85	390.594
3154.98	391.83
3157.1	376.475
3159.23	388.013
3161.35	367.736
3163.48	387.422
3165.6	385.699
3167.72	387.438
3169.84	386.48
3171.96	374.606
3174.08	384.816
3176.2	399.903
3178.32	395.098
3180.44	398.521
3182.56	399.803
3184.68	375.609
3186.79	387.792
3188.91	397.948
3191.02	375.258
3193.14	379.436
3195.25	398.124
3197.37	383.217
3199.48	382.003
3201.59	373.824
3203.7	376.527
3205.81	383.264
3207.92	391.334
3210.03	389.815
3212.14	381.504
3214.25	375.333
3216.35	371.974
3218.46	385.129
3220.56	362.597
3222.67	381.947
3224.77	384.107
3226.88	387.608
3228.98	386.257
3231.08	363.554
3233.18	368.292
3235.29	389.467
3237.39	393.421
3239.49	371.271
3241.59	381.387
3243.68	376.443
3245.78	378.412
3247.88	370.848
3249.97	378.414
3252.07	375.713
3254.16	381.895
3256.26	381.838
3258.35	381.004
3260.45	377.343
3262.54	381.145
3264.63	371.225
3266.72	371.547
3268.81	382.775
3270.9	372.16
3272.99	376.546
3275.08	389.774
3277.17	373.778
3279.25	362.598
3281.34	381.999
3283.42	367.486
3285.51	380.079
3287.59	378.392
3289.68	378.001
3291.76	387.694
3293.84	371.037
3295.92	376.007
3298	381.018
3300.09	357.154
3302.17	376.37
3304.24	363.317
3306.32	367.699
3308.4	370.028
3310.48	364.303
3312.55	387.376
3314.63	370.338
3316.7	360.709
3318.78	383.82
3320.85	381.55
3322.92	371.954
3325	374.386
3327.07	372.874
3329.14	372.767
3331.21	365.404
3333.28	382.036
3335.35	370.708
3337.42	383.306
3339.49	368.587
3341.55	377.806
3343.62	367.744
3345.68	381.642
3347.75	375.604
3349.81	371.558
3351.88	370.822
3353.94	377.391
3356	360.064
3358.07	376.001
3360.13	365.42
3362.19	372.818
3364.25	385.548
3366.31	373.665
3368.36	372.39
3370.42	353.804
3372.48	373.788
3374.54	371.83
3376.59	373.865
3378.65	368.571
3380.7	381.222
3382.75	373.915
3384.81	369.949
3386.86	363.997
3388.91	379.99
3390.96	373.309
3393.01	367.887
3395.06	379.685
3397.11	342.245
3399.16	375.908
3401.21	367.082
3403.26	379.545
3405.3	370.81
3407.35	384.634
3409.4	381.183
3411.44	369.065
3413.49	379.418
3415.53	357.301
3417.57	376.874
3419.61	372.013
3421.66	373.161
3423.7	383.603
3425.74	368.314
3427.77	385.993
3429.81	374.556
3431.85	370.273
3433.89	362.602
3435.93	370.654
3437.96	376.702
3440	369.018
3442.03	375.192
3444.07	371.643
3446.1	366.212
3448.13	370.617
3450.17	380.872
3452.2	368.2
3454.23	376.352
3456.26	374.013
3458.29	390.546
3460.32	369.36
3462.35	377.506
3464.38	375.964
3466.4	373.831
3468.43	368.492
3470.45	375.492
3472.48	364.98
3474.5	369.37
3476.53	384.117
3478.55	385.264
3480.57	357.307
3482.59	377.935
3484.62	372.703
3486.64	387.544
3488.66	383.615
3490.68	379.019
3492.7	375.694
3494.71	371.069
3496.73	367.11
3498.75	373.537
