100.901	283.812
104.069	408.253
107.237	570.211
110.403	723.525
113.568	831.123
116.732	880.528
119.895	877.188
123.056	828.952
126.217	740.392
129.377	621.392
132.533	497.421
135.691	406.175
138.847	378.036
142	413.679
145.155	477.673
148.306	517.302
151.458	496.905
154.609	422.95
157.757	337.94
160.904	284.73
164.052	270.391
167.197	263.614
170.342	230.672
173.485	175.45
176.627	140.057
179.767	160.188
182.909	219.694
186.047	256.771
189.184	223.667
192.321	141.371
195.456	87.683
198.59	122.638
201.723	224.212
204.855	303.41
207.986	288.783
211.116	196.773
214.245	115.953
217.373	120.793
220.497	202.437
223.623	284.111
226.748	299.758
229.869	252.494
232.992	198.144
236.114	181.828
239.232	199.748
242.351	220.305
245.468	228.694
248.585	238.941
251.699	264.754
254.814	293.413
257.926	300.342
261.038	286.413
264.15	286.359
267.259	329.383
270.366	394.45
273.473	417.625
276.579	353.93
279.686	231.536
282.79	136.814
285.893	138.584
288.994	224.637
292.095	313.185
295.194	327.181
298.291	259.111
301.388	168.012
304.485	119.282
307.58	128.811
310.675	159.614
313.766	164.296
316.858	128.559
319.95	80.2159
323.038	64.4207
326.127	110.599
329.213	214.315
332.3	341.404
335.384	448.921
338.47	510.867
341.552	533.155
344.633	545.604
347.712	573.986
350.793	614.101
353.871	632.427
356.948	595.594
360.024	502.441
363.099	387.86
366.173	294.324
369.245	238.519
372.317	204.089
375.388	164.165
378.458	109.095
381.526	53.9867
384.594	24.0041
387.66	34.9913
390.724	84.6554
393.789	154.823
396.852	218.469
399.913	250.057
402.974	239.958
406.033	205.218
409.092	182.304
412.148	199.398
415.206	249.511
418.26	293.122
421.316	293.989
424.368	255.959
427.419	222.254
430.47	234.295
433.521	289.926
436.569	344.065
439.617	352.111
442.663	312.222
445.708	264.274
448.752	248.906
451.796	270.425
454.838	299.98
457.877	310.948
460.917	306.284
463.956	310.598
466.995	339.884
470.03	383.721
473.066	417.19
476.101	426.207
479.133	418.233
482.166	410.11
485.197	410.225
488.228	414.943
491.256	419.589
494.283	427.432
497.311	444.717
500.336	468.265
503.36	481.963
506.383	468.854
509.408	427.957
512.429	378.546
515.449	345.946
518.468	340.514
521.486	348.648
524.503	344.901
527.517	315.787
530.532	274.377
533.546	251.103
536.56	266.948
539.572	312.979
542.581	357.118
545.591	374.119
548.598	370.085
551.606	375.051
554.612	408.698
557.618	454.938
560.621	475.848
563.625	454.458
566.626	420.666
569.627	426.866
572.626	492.595
575.626	575.742
578.623	605.968
581.62	551.648
584.615	452.548
587.609	382.353
590.602	377.823
593.595	407.289
596.586	409.97
599.574	362.277
602.564	299.795
605.552	273.799
608.54	293.217
611.524	317.081
614.509	304.134
617.492	261.904
620.475	239.234
623.456	270.917
626.437	336.828
629.416	381.105
632.394	369.992
635.372	325.557
638.348	300.945
641.322	326.492
644.296	383.824
647.269	430.185
650.24	441.185
653.211	426.655
656.181	410.334
659.15	403.258
662.118	399.884
665.085	393.278
668.05	384.495
671.013	374.868
673.977	356.171
676.94	316.785
679.9	258.913
682.861	204.027
685.819	175.869
688.779	178.122
691.735	192.26
694.69	198.448
697.646	195.528
700.599	197.664
703.552	213.141
706.503	231.612
709.453	235.004
712.403	218.687
715.351	197.8
718.299	191.978
721.245	206.785
724.191	232.155
727.135	256.454
730.079	277.576
733.02	299.781
735.961	325.188
738.902	354.434
741.84	395.094
744.779	461.373
747.715	557.06
750.652	657.739
753.586	717.071
756.519	699.972
759.453	614.533
762.384	510.293
765.314	441.319
768.243	427.102
771.172	445.956
774.099	462.869
777.025	461.549
779.951	451.105
782.875	447.059
785.799	451.104
788.721	450.131
791.641	431.628
794.562	397.009
797.481	360.707
800.398	339.323
803.316	342.403
806.231	370.24
809.145	415.795
812.06	467.178
814.972	511.005
817.883	537.149
820.795	541.671
823.704	524.669
826.613	485.923
829.52	425.602
832.427	351.764
835.332	285.492
838.237	252.813
841.14	265.668
844.041	309.244
846.943	351.171
849.844	367.672
852.743	363.174
855.64	364.078
858.538	392.037
861.434	442.299
864.33	487.412
867.223	501.514
870.115	481.332
873.008	445.289
875.899	414.42
878.788	394.737
881.677	376.254
884.565	346.556
887.451	304.737
890.337	264.094
893.222	243.261
896.106	254.14
898.989	295.457
901.869	355.578
904.75	421.662
907.63	487.89
910.508	555.833
913.386	626.419
916.261	691.576
919.138	735.888
922.012	749.59
924.884	740.886
927.758	732.711
930.629	743.042
933.499	766.081
936.368	773.829
939.236	738.586
942.103	655.442
944.969	543.696
947.835	428.611
950.699	325.21
953.562	240.691
956.423	187.194
959.285	182.298
962.145	229.804
965.003	301.64
967.862	348.003
970.718	334.915
973.575	274.882
976.43	217.114
979.283	202.902
982.135	229.362
984.987	258.284
987.839	260.389
990.689	247.574
993.538	258.233
996.385	311.295
999.23	378.945
1002.08	408.749
1004.92	373.56
1007.77	298.191
1010.61	236.35
1013.45	222.478
1016.29	246.601
1019.13	273.444
1021.97	281.159
1024.81	278.899
1027.64	289.475
1030.48	320.748
1033.31	357.341
1036.15	378.55
1038.98	380.43
1041.81	379.134
1044.64	394.847
1047.47	434.182
1050.3	485.864
1053.12	528.91
1055.95	543.625
1058.78	519.607
1061.6	460.804
1064.42	386.365
1067.25	322.919
1070.07	289.015
1072.89	283.115
1075.71	287.958
1078.53	289.301
1081.34	290.205
1084.16	304.282
1086.97	334.021
1089.79	359.289
1092.6	352.627
1095.41	308.309
1098.23	253.871
1101.04	228.538
1103.85	247.913
1106.65	290.424
1109.46	319.593
1112.27	319.442
1115.07	307.832
1117.88	316.66
1120.68	361.359
1123.48	429.312
1126.28	493.309
1129.08	531.384
1131.88	534.602
1134.68	503.906
1137.48	448.366
1140.27	387.426
1143.07	346.2
1145.86	338.305
1148.66	350.906
1151.45	353.388
1154.24	328.662
1157.03	296.497
1159.82	298.969
1162.61	356.019
1165.39	435.553
1168.18	473.971
1170.97	432.618
1173.75	335.48
1176.53	249.009
1179.32	223.051
1182.1	251.401
1184.88	289.092
1187.66	303.942
1190.43	306.316
1193.21	328.378
1195.99	380.354
1198.76	434.418
1201.54	453.32
1204.31	430.289
1207.08	395.508
1209.85	382.928
1212.63	394.87
1215.39	402.627
1218.16	380.775
1220.93	337.112
1223.7	306.971
1226.46	319.559
1229.23	371.549
1231.99	432.415
1234.75	472.652
1237.51	486.321
1240.27	490.018
1243.03	504.81
1245.79	539.848
1248.55	589.047
1251.31	638.668
1254.06	677.824
1256.82	705.986
1259.57	734.142
1262.32	777.512
1265.07	842.166
1267.82	915.054
1270.57	968.372
1273.32	978.584
1276.07	945.713
1278.82	895.522
1281.56	861.681
1284.31	863.367
1287.05	897.195
1289.79	947.638
1292.54	1003.14
1295.28	1063.03
1298.02	1132.6
1300.75	1215.2
1303.49	1309.5
1306.23	1411.27
1308.97	1514.71
1311.7	1611.38
1314.43	1689.23
1317.17	1733.89
1319.9	1731.31
1322.63	1671.23
1325.36	1552.94
1328.09	1392.59
1330.82	1223.87
1333.54	1084.26
1336.27	991.176
1339	928.476
1341.72	860.352
1344.44	764.752
1347.17	654.88
1349.89	564.838
1352.61	511.909
1355.33	475.712
1358.04	419.66
1360.76	334.239
1363.48	254.487
1366.19	228.99
1368.91	270.707
1371.62	342.19
1374.33	391.786
1377.05	401.428
1379.76	393.806
1382.47	393.274
1385.17	388.594
1387.88	344.185
1390.59	249.492
1393.29	148.243
1396	107.557
1398.7	153.64
1401.41	241.914
1404.11	296.517
1406.81	281.271
1409.51	230.362
1412.21	209.058
1414.91	247.072
1417.6	312.532
1420.3	348.854
1422.99	332.225
1425.69	291.75
1428.38	278.427
1431.07	320.615
1433.76	409.376
1436.45	519.01
1439.14	632.993
1441.83	748.839
1444.52	864.784
1447.21	969.399
1449.89	1045.46
1452.58	1079.97
1455.26	1068.31
1457.94	1012.17
1460.62	919.645
1463.3	808.74
1465.99	705.844
1468.66	633.301
1471.34	594.333
1474.02	570.33
1476.7	534.815
1479.37	471.894
1482.04	383.981
1484.72	286.339
1487.39	198.086
1490.06	137.044
1492.73	115.718
1495.4	134.015
1498.07	173.892
1500.74	206.732
1503.4	213.516
1506.07	200.864
1508.73	194.993
1511.39	216.504
1514.06	260.22
1516.72	300.71
1519.38	317.432
1522.04	312.875
1524.7	305.896
1527.36	310.315
1530.01	323.757
1532.67	337.301
1535.32	351.121
1537.98	375.361
1540.63	415.056
1543.28	458.387
1545.93	484.083
1548.58	480.986
1551.23	458.438
1553.88	436.812
1556.53	429.719
1559.18	436.728
1561.82	451.126
1564.47	470.115
1567.11	495.263
1569.75	525.871
1572.4	556.825
1575.04	584.908
1577.68	614.785
1580.31	655.76
1582.95	712.604
1585.59	781.689
1588.23	856.313
1590.86	932.677
1593.5	1007.78
1596.13	1073.61
1598.76	1120.13
1601.39	1149.53
1604.02	1186.27
1606.65	1265.81
1609.28	1405.27
1611.91	1581.41
1614.53	1738.04
1617.16	1818.53
1619.79	1796.37
1622.41	1681.83
1625.03	1507.2
1627.65	1309.62
1630.28	1123.24
1632.9	975.687
1635.52	880.511
1638.13	829.253
1640.75	795.171
1643.37	751.271
1645.98	688.315
1648.6	616.28
1651.21	549.934
1653.82	495.56
1656.44	451.755
1659.05	418.272
1661.66	397.671
1664.27	386.755
1666.87	371.798
1669.48	339.409
1672.09	294.047
1674.69	260.058
1677.3	260.261
1679.9	290.816
1682.5	320.218
1685.1	316.561
1687.7	276.69
1690.3	228.163
1692.9	203.375
1695.5	213.038
1698.1	243.303
1700.69	273.393
1703.29	291.383
1705.88	294.36
1708.48	280.789
1711.07	249.62
1713.66	206.898
1716.25	167.682
1718.84	146.965
1721.43	149.259
1724.02	169.325
1726.6	201.511
1729.19	242.969
1731.77	285.195
1734.36	307.958
1736.94	291.609
1739.52	240.506
1742.1	189.583
1744.68	178.208
1747.26	212.543
1749.84	256.737
1752.42	267.038
1755	236.158
1757.57	200.958
1760.15	204.24
1762.72	251.034
1765.29	305.441
1767.86	328.958
1770.44	316.573
1773.01	292.942
1775.58	278.636
1778.14	268.952
1780.71	248.251
1783.28	217.512
1785.84	197.555
1788.41	202.947
1790.97	220.385
1793.53	221.449
1796.1	197.066
1798.66	172.243
1801.22	180.914
1803.78	227.627
1806.34	279.24
1808.89	295.946
1811.45	267.215
1814.01	215.577
1816.56	170.261
1819.11	144.661
1821.67	139.45
1824.22	156.486
1826.77	196.693
1829.32	242.924
1831.87	257.725
1834.42	213.172
1836.96	126.684
1839.51	58.0039
1842.06	59.0661
1844.6	123.451
1847.14	190.214
1849.69	202.414
1852.23	161.398
1854.77	121.043
1857.31	130.174
1859.85	185.568
1862.39	242.723
1864.92	266.24
1867.46	261.262
1870	255.269
1872.53	259.187
1875.07	257.339
1877.6	235.802
1880.13	209.463
1882.66	209.856
1885.19	245.777
1887.72	285.289
1890.25	285.323
1892.78	238.99
1895.3	187.194
1897.83	179.082
1900.35	222.662
1902.88	278.102
1905.4	299.536
1907.92	279.593
1910.44	250.729
1912.96	246.296
1915.48	265.971
1918	280.871
1920.52	268.075
1923.04	234.75
1925.55	208.173
1928.07	206.801
1930.58	224.874
1933.09	243.704
1935.61	252.849
1938.12	257.482
1940.63	267.609
1943.14	285.07
1945.65	303.296
1948.15	317.444
1950.66	330.738
1953.17	348.911
1955.67	369.47
1958.18	378.895
1960.68	362.766
1963.18	320.516
1965.68	271.121
1968.18	242.966
1970.68	254.135
1973.18	298.093
1975.68	346.998
1978.18	371.578
1980.67	362.353
1983.17	334.342
1985.66	311.122
1988.15	303.206
1990.65	301.632
1993.14	292.537
1995.63	276.345
1998.12	269.805
2000.61	287.76
2003.1	324.81
2005.59	358.364
2008.07	371.048
2010.56	367.844
2013.04	368.25
2015.52	381.9
2018.01	395.687
2020.49	388.109
2022.97	355.511
2025.45	320.261
2027.93	310.234
2030.41	330.695
2032.89	358.366
2035.36	363.694
2037.84	338.179
2040.31	300.516
2042.79	278.984
2045.26	289.727
2047.73	328.891
2050.2	378.426
2052.67	414.863
2055.14	416.603
2057.61	373.637
2060.08	298.702
2062.55	227.704
2065.01	199.845
2067.48	228.369
2069.94	288.617
2072.41	338.2
2074.87	352.437
2077.33	340.994
2079.79	330.369
2082.25	332.872
2084.71	336.075
2087.17	322.201
2089.63	292.719
2092.08	268.511
2094.54	265.487
2096.99	274.444
2099.45	269.087
2101.9	234.049
2104.35	182.883
2106.8	148.042
2109.25	154.708
2111.7	203.727
2114.15	274.596
2116.6	338.769
2119.04	370.678
2121.49	355.721
2123.94	299.292
2126.38	230.901
2128.82	190.585
2131.27	199.021
2133.71	236.339
2136.15	255.778
2138.59	226.433
2141.03	165.293
2143.46	123.773
2145.9	139.079
2148.34	199.121
2150.77	257.227
2153.21	280.22
2155.64	277.894
2158.07	283.495
2160.51	309.848
2162.94	332.368
2165.37	318.555
2167.8	269.965
2170.23	227.91
2172.66	234.472
2175.08	289.81
2177.51	350.456
2179.93	369.214
2182.36	335.414
2184.78	278.54
2187.2	238.632
2189.62	236.493
2192.04	267.424
2194.47	312.796
2196.88	350.997
2199.3	362.214
2201.72	335.477
2204.14	279.902
2206.55	226.284
2208.97	207.299
2211.38	228.855
2213.79	262.409
2216.21	271.715
2218.62	250.146
2221.03	228.764
2223.44	243.249
2225.85	292.522
2228.25	333.868
2230.66	322.761
2233.07	258.211
2235.47	187.215
2237.88	162.967
2240.28	197.566
2242.68	253.799
2245.08	280.769
2247.49	257.391
2249.89	205.385
2252.29	166.07
2254.68	166.831
2257.08	205.386
2259.48	258.329
2261.87	300.432
2264.27	318.707
2266.66	314.97
2269.06	299.505
2271.45	281.643
2273.84	263.509
2276.23	241.869
2278.62	217.352
2281.01	202.096
2283.4	215.227
2285.79	266.186
2288.17	340.516
2290.56	404.37
2292.94	427.701
2295.33	406.862
2297.71	366.203
2300.09	337.74
2302.47	338.066
2304.86	361.709
2307.23	391.83
2309.61	413.698
2311.99	419.327
2314.37	405.839
2316.75	376.31
2319.12	343.547
2321.49	327.776
2323.87	343.557
2326.24	385.696
2328.61	429.78
2330.99	450.268
2333.36	440.472
2335.73	415.53
2338.09	396.231
2340.46	390.411
2342.83	389.378
2345.2	380.194
2347.56	359.475
2349.92	335.961
2352.29	322.31
2354.65	325.644
2357.01	343.767
2359.38	367.012
2361.74	383.3
2364.09	385.267
2366.45	376.532
2368.81	370.508
2371.17	378.346
2373.52	394.699
2375.88	397.935
2378.23	370.661
2380.59	323.101
2382.94	292.04
2385.29	308.883
2387.64	364.933
2389.99	411.785
2392.34	403.004
2394.69	339.191
2397.04	270.177
2399.39	249.156
2401.73	283.329
2404.08	330.646
2406.42	344.891
2408.77	321.399
2411.11	296.515
2413.45	304.485
2415.79	340.273
2418.13	367.758
2420.47	361.498
2422.81	334.31
2425.15	321.004
2427.48	338.28
2429.82	366.097
2432.16	370.006
2434.49	338.306
2436.82	293.42
2439.16	267.311
2441.49	269.65
2443.82	282.096
2446.15	280.942
2448.48	260.886
2450.81	236.109
2453.14	222.66
2455.46	224.385
2457.79	235.201
2460.11	249.339
2462.44	264.886
2464.76	279.085
2467.08	286.334
2469.41	284.798
2471.73	282.947
2474.05	294.279
2476.37	322.703
2478.69	354.939
2481	370.696
2483.32	361.172
2485.64	335.5
2487.95	307.505
2490.27	277.859
2492.58	232.888
2494.89	162.886
2497.21	80.2399
2499.52	16.5883
2501.83	0
2504.14	33.8867
2506.45	96.9201
2508.75	161.622
2511.06	212.436
2513.37	248.417
2515.67	273.529
2517.98	288.442
2520.28	291.952
2522.58	287.445
2524.89	285.071
2527.19	296.666
2529.49	328.495
2531.79	377.675
2534.09	433.38
2536.39	480.713
2538.68	505.953
2540.98	502.758
2543.27	476.814
2545.57	444.586
2547.86	424.852
2550.16	427.987
2552.45	450.678
2554.74	479.269
2557.03	498.037
2559.32	496.642
2561.61	474.211
2563.9	440.286
2566.19	411.632
2568.47	403.217
2570.76	416.676
2573.04	436.335
2575.33	440.613
2577.61	422.367
2579.89	398.802
2582.18	397.365
2584.46	427.593
2586.74	466.955
2589.02	478.672
2591.29	447.362
2593.57	396.831
2595.85	369.252
2598.12	384.077
2600.4	417.928
2602.67	427.089
2604.95	390.718
2607.22	330.981
2609.49	289.972
2611.76	288.039
2614.04	306.509
2616.31	310.862
2618.57	287.669
2620.84	255.889
2623.11	242.661
2625.38	252.196
2627.64	262.122
2629.91	250.184
2632.17	221.062
2634.43	203.788
2636.7	222.452
2638.96	270.836
2641.22	316.464
2643.48	328.887
2645.74	304.002
2648	262.941
2650.25	230.391
2652.51	214.988
2654.77	208.165
2657.02	197.863
2659.27	181.23
2661.53	165.348
2663.78	158.522
2666.03	162.278
2668.28	170.969
2670.53	177.58
2672.78	179.355
2675.03	178.245
2677.28	176.294
2679.53	170.805
2681.77	154.838
2684.02	124.279
2686.26	85.73
2688.51	56.4574
2690.75	53.1516
2692.99	77.4095
2695.23	111.619
2697.48	131.411
2699.72	125.224
2701.96	103.313
2704.19	87.6183
2706.43	92.3032
2708.67	113.633
2710.9	137.623
2713.14	155.482
2715.37	170.122
2717.61	188.643
2719.84	211.531
2722.07	231.5
2724.3	241.885
2726.53	242.975
2728.76	238.575
2730.99	228.695
2733.22	209.785
2735.45	183.572
2737.67	162.338
2739.9	160.335
2742.12	177.828
2744.35	196.098
2746.57	192.549
2748.79	162.886
2751.01	127.339
2753.23	113.04
2755.45	129.546
2757.67	161.815
2759.89	186.357
2762.11	192.422
2764.33	186.932
2766.54	181.567
2768.76	179.52
2770.97	176.665
2771.92	172.574
2774.17	174.98
2776.42	190.839
2778.66	215.269
2780.91	233.524
2783.15	235.672
2785.4	227.539
2787.64	224.833
2789.88	236.588
2792.13	256.602
2794.37	272.259
2796.61	279.876
2798.85	288.237
2801.09	306.092
2803.33	328.504
2805.56	338.871
2807.8	325.819
2810.04	297.17
2812.27	275.683
2814.51	280.062
2816.74	309.286
2818.97	344.111
2821.21	362.957
2823.44	357.959
2825.67	339.91
2827.9	331.437
2830.13	354.707
2832.36	420.159
2834.59	520.897
2836.82	636.228
2839.04	744.5
2841.27	838.313
2843.49	930.405
2845.72	1044.04
2847.95	1195.24
2850.17	1382.5
2852.39	1592.56
2854.61	1814.72
2856.84	2047.85
2859.06	2293.73
2861.27	2546
2863.49	2788
2865.71	3000.64
2867.93	3169.39
2870.15	3281.62
2872.36	3321.23
2874.58	3274.15
2876.8	3146.23
2879.01	2975.81
2881.22	2821.48
2883.44	2727.9
2885.65	2696.8
2887.86	2690.03
2890.07	2663.23
2892.28	2600.82
2894.49	2523.01
2896.7	2463.61
2898.91	2442.95
2901.12	2460.25
2903.32	2505.88
2905.53	2575.57
2907.73	2671.68
2909.94	2794.65
2912.14	2938.27
2914.35	3094.94
2916.55	3263.51
2918.75	3449.49
2920.95	3656.62
2923.15	3878.61
2925.35	4097.43
2927.55	4286.05
2929.75	4410.81
2931.95	4434.13
2934.14	4323.91
2936.34	4070.65
2938.54	3701.76
2940.73	3278.72
2942.92	2873.69
2945.12	2539.59
2947.31	2293.26
2949.5	2121.07
2951.69	1998.73
2953.88	1909.23
2956.07	1848.94
2958.26	1822.72
2960.45	1835.35
2962.64	1884.58
2964.83	1958.55
2967.01	2038.18
2969.2	2104.33
2971.38	2145.74
2973.57	2161.85
2975.75	2157.46
2977.93	2133.9
2980.12	2085.66
2982.3	2006.27
2984.48	1897.33
2986.66	1770.3
2988.84	1638.01
2991.02	1504.32
2993.2	1363.42
2995.37	1210.8
2997.55	1054.93
2999.73	917.227
3001.9	818.213
3004.08	761.988
3006.25	732.778
3008.43	706.773
3010.6	669.048
3012.77	621.928
3014.94	579.526
3017.11	554.744
3019.28	549.728
3021.45	556.099
3023.62	562.811
3025.79	564.44
3027.95	563.885
3030.12	568.592
3032.29	584.101
3034.45	609.904
3036.62	640.189
3038.78	668.158
3040.94	690.263
3043.1	707.461
3045.27	723.39
3047.43	741.631
3049.59	764.111
3051.75	791.012
3053.91	821.19
3056.06	852.344
3058.22	881.004
3060.38	902.653
3062.53	912.056
3064.69	903.966
3066.84	874.801
3069	825.364
3071.15	762.905
3073.31	699.746
3075.46	647.63
3077.61	611.017
3079.76	584.663
3081.91	557.916
3084.06	522.488
3086.21	477.626
3088.35	429.516
3090.5	386.95
3092.65	357.181
3094.79	343.486
3096.94	343.495
3099.08	348.655
3101.23	347.448
3103.37	332.982
3105.51	309.54
3107.66	290.303
3109.8	285.615
3111.94	292.281
3114.08	296.13
3116.21	287.314
3118.35	272.559
3120.49	269.143
3122.63	284.478
3124.76	303.368
3126.9	300.063
3129.04	265.981
3131.17	223.869
3133.3	209.797
3135.44	237.827
3137.57	283.292
3139.7	304.268
3141.83	281.676
3143.96	237.744
3146.09	213.838
3148.22	230.505
3150.35	270.517
3152.48	300.497
3154.6	305.771
3156.73	300.835
3158.85	306.5
3160.98	321.761
3163.1	322.9
3165.23	290.51
3167.35	233.728
3169.47	184.634
3171.59	169.061
3173.71	184.998
3175.83	209.405
3177.95	222.698
3180.07	223.437
3182.19	220.876
3184.31	219.376
3186.42	215.067
3188.54	206.294
3190.66	200.704
3192.77	206.819
3194.88	219.879
3197	222.015
3199.11	200.938
3201.22	167.389
3203.33	149.198
3205.44	164.509
3207.55	201.345
3209.66	226.497
3211.77	216.456
3213.88	179.501
3215.99	146.942
3218.09	143.338
3220.2	165.973
3222.3	192.113
3224.41	202.983
3226.51	198.513
3228.62	190.455
3230.72	185.98
3232.82	181.643
3234.92	172.474
3237.02	162.496
3239.12	162.555
3241.22	177.646
3243.32	198.947
3245.42	210.496
3247.52	204.056
3249.61	186.925
3251.71	175.52
3253.8	182.011
3255.9	206.48
3257.99	239.229
3260.08	267.856
3262.18	282.395
3264.27	277.656
3266.36	255.511
3268.45	226.517
3270.54	206.401
3272.63	206.117
3274.72	222.522
3276.81	239.671
3278.89	242.087
3280.98	228.798
3283.07	214.181
3285.15	213.644
3287.24	227.597
3289.32	239.937
3291.4	233.446
3293.49	207.532
3295.57	180.731
3297.65	174.859
3299.73	195.427
3301.81	226.643
3303.89	245.438
3305.97	241.142
3308.05	222.724
3310.12	207.912
3312.2	205.59
3314.28	208.433
3316.35	202.132
3318.43	181.489
3320.5	157.484
3322.57	148.44
3324.65	163.58
3326.72	194.19
3328.79	220.251
3330.86	226.237
3332.93	212.198
3335	191.506
3337.07	178.91
3339.14	180.007
3341.2	189.98
3343.27	200.119
3345.34	204.832
3347.4	203.891
3349.47	200.588
3351.53	199.271
3353.59	203.751
3355.66	215.447
3357.72	231.096
3359.78	242.751
3361.84	242.533
3363.9	229.706
3365.96	213.325
3368.02	206.124
3370.08	213.704
3372.14	228.902
3374.19	237.434
3376.25	230.115
3378.3	210.277
3380.36	189.62
3382.41	177.336
3384.47	173.638
3386.52	173.278
3388.57	173.585
3390.62	177.235
3392.67	187.003
3394.72	199.65
3396.77	207.291
3398.82	205.511
3400.87	198.889
3402.92	196.838
3404.97	203.66
3407.01	213.872
3409.06	218.333
3411.1	214.468
3413.15	208.85
3415.19	208.959
3417.23	213.638
3419.28	213.824
3421.32	203.551
3423.36	188.796
3425.4	183.111
3427.44	193.52
3429.48	211.863
3431.52	221.882
3433.56	215.479
3435.59	201.011
3437.63	194.534
3439.67	203.082
3441.7	217.711
3443.73	223.361
3445.77	214.375
3447.8	198.768
3449.84	187.384
3451.87	181.1
3453.9	171.176
3455.93	152.476
3457.96	134.008
3459.99	133.421
3462.02	159.692
3464.04	201.931
3466.07	236.733
3468.1	247.604
3470.13	237.759
3472.15	224.678
3474.18	223.08
3476.2	233.109
3478.22	243.336
3480.25	242.881
3482.27	229.96
3484.29	210.762
3486.31	193.231
3488.33	183.099
3490.35	183.701
3492.37	195.801
3494.39	215.567
3496.41	234.084
3498.42	242.026
