100.901	1250.59
104.069	1661.41
107.237	1384.64
110.403	1063.12
113.568	998.182
116.732	868.421
119.895	573.815
123.056	386.542
126.217	337.502
129.377	238.829
132.533	144.711
135.691	188.788
138.847	239.703
142	160.743
145.155	76.3383
148.306	96.6442
151.458	137.251
154.609	151.766
157.757	196.605
160.904	247.684
164.052	246.451
167.197	242.935
170.342	280.329
173.485	302.323
176.627	296.552
179.767	317.152
182.909	335.246
186.047	291.82
189.184	241.403
192.321	239.165
195.456	220.345
198.59	153.41
201.723	121.987
204.855	151.503
207.986	171.867
211.116	181.295
214.245	225.413
217.373	260.705
220.497	242.925
223.623	235.976
226.748	268.763
229.869	260.12
232.992	202.656
236.114	201.533
239.232	260.416
242.351	263.494
245.468	194.219
248.585	150.177
251.699	161.572
254.814	183.575
257.926	210.659
261.038	257.009
264.15	304.365
267.259	348.091
270.366	397.094
273.473	413.422
276.579	364.639
279.686	306.977
282.79	308.073
285.893	343.535
288.994	353.755
292.095	329.168
295.194	288.516
298.291	249.328
301.388	231.579
304.485	226.947
307.58	200.361
310.675	169.655
313.766	200.677
316.858	284.101
319.95	328.438
323.038	308.523
326.127	305.912
329.213	379.808
332.3	497.266
335.384	596.54
338.47	646.329
341.552	654.754
344.633	661.934
347.712	698.116
350.793	739.888
353.871	740.99
356.948	687.804
360.024	595.622
363.099	493.532
366.173	428.133
369.245	419.462
372.317	418.82
375.388	382.149
378.458	346.209
381.526	349.703
384.594	351.218
387.66	317.619
390.724	298.809
393.789	326.337
396.852	355.064
399.913	381.184
402.974	472.806
406.033	613.519
409.092	681.78
412.148	652.127
415.206	637.738
418.26	671.919
421.316	643.893
424.368	523.406
427.419	445.152
430.47	476.171
433.521	491.415
436.569	389.771
439.617	259.152
442.663	209.387
445.708	200.851
448.752	162.929
451.796	137.272
454.838	176.997
457.877	232.848
460.917	254.731
463.956	283.821
466.995	348.637
470.03	399.737
473.066	424.458
476.101	482.382
479.133	566.063
482.166	586.999
485.197	547.482
488.228	551.23
491.256	607.081
494.283	608.962
497.311	539.629
500.336	502.345
503.36	524.752
506.383	516.591
509.408	442.473
512.429	368.169
515.449	327.61
518.468	292.884
521.486	265.47
524.503	263.878
527.517	250.665
530.532	195.38
533.546	165.518
536.56	236.028
539.572	355.768
542.581	412.489
545.591	385.772
548.598	346.541
551.606	351.605
554.612	407.618
557.618	491.076
560.621	556.9
563.625	573.482
566.626	563.206
569.627	557.513
572.626	538.046
575.626	490.231
578.623	456.205
581.62	449.636
584.615	404.545
587.609	303.803
590.602	242.616
593.595	261.596
596.586	259.609
599.574	180.128
602.564	121.13
605.552	152.975
608.54	198.631
611.524	189.195
614.509	169.667
617.492	183.426
620.475	209.008
623.456	238.105
626.437	281.806
629.416	330.297
632.394	410.829
635.372	574.286
638.348	734.006
641.322	709.221
644.296	523.152
647.269	417.834
650.24	486.125
653.211	560.259
656.181	531.111
659.15	482.232
662.118	457.864
665.085	393.264
668.05	304.692
671.013	282.263
673.977	301.861
676.94	270.869
679.9	205.137
682.861	170.915
685.819	147.425
688.779	99.9335
691.735	69.6692
694.69	84.8472
697.646	111.752
700.599	142.211
703.552	192.956
706.503	227.018
709.453	215.427
712.403	221.591
715.351	293.805
718.299	367.587
721.245	385.372
724.191	388.715
727.135	407.301
730.079	402.276
733.02	375.723
735.961	384.065
738.902	420.493
741.84	430.125
744.779	423.323
747.715	437.219
750.652	440.983
753.586	402.159
756.519	361.618
759.453	344.534
762.384	311.198
765.314	268.434
768.243	289.574
771.172	369.653
774.099	411.525
777.025	391.345
779.951	387.751
782.875	428.675
785.799	450.401
788.721	418.027
791.641	372.12
794.562	356.033
797.481	372.905
800.398	402.952
803.316	430.753
806.231	474.386
809.145	565.343
812.06	665.378
814.972	679.025
817.883	607.472
820.795	579.283
823.704	652.134
826.613	715.526
829.52	674.545
832.427	591.933
835.332	564.993
838.237	588.02
841.14	600.648
844.041	569.536
846.943	495.387
849.844	415.673
852.743	379.465
855.64	369.547
858.538	322.436
861.434	251.707
864.33	229.428
867.223	237.043
870.115	191.989
873.008	117.361
875.899	116.226
878.788	197.875
881.677	282.807
884.565	332.513
887.451	356.24
890.337	377.166
893.222	464.739
896.106	661.539
898.989	846.841
901.869	857.204
904.75	736.461
907.63	656.2
910.508	643.022
913.386	617.311
916.261	604.055
919.138	654.911
922.012	681.569
924.884	606.553
927.758	540.159
930.629	592.614
933.499	662.513
936.368	597.522
939.236	421.619
942.103	262.746
944.969	181.181
947.835	157.659
950.699	150.821
953.562	129.977
956.423	114.058
959.285	153.623
962.145	236.456
965.003	283.285
967.862	262.705
970.718	222.785
973.575	201.908
976.43	192.176
979.283	178.897
982.135	154.27
984.987	123.225
987.839	121.437
990.689	174.255
993.538	248.61
996.385	311.626
999.23	385.57
1002.08	469.327
1004.92	493.675
1007.77	441.694
1010.61	411.495
1013.45	473.688
1016.29	563.228
1019.13	579.037
1021.97	507.65
1024.81	409.084
1027.64	345.027
1030.48	336.728
1033.31	358.814
1036.15	377.682
1038.98	388.944
1041.81	391.533
1044.64	367.591
1047.47	326.231
1050.3	301.009
1053.12	279.378
1055.95	228.743
1058.78	190.047
1061.6	219.736
1064.42	266.018
1067.25	246.836
1070.07	196.782
1072.89	189.374
1075.71	196.747
1078.53	167.781
1081.34	141.796
1084.16	164.653
1086.97	206.165
1089.79	240.364
1092.6	281.858
1095.41	304.553
1098.23	256.439
1101.04	163.962
1103.85	109.146
1106.65	125.259
1109.46	190.401
1112.27	266.095
1115.07	303.491
1117.88	292.499
1120.68	301.101
1123.48	374.578
1126.28	445.027
1129.08	434.391
1131.88	362.883
1134.68	279.38
1137.48	200.309
1140.27	162.695
1143.07	195.173
1145.86	227.466
1148.66	185.078
1151.45	135.862
1154.24	173.183
1157.03	234.373
1159.82	216.743
1162.61	168.95
1165.39	186.695
1168.18	235.314
1170.97	250.176
1173.75	303.298
1176.53	502.955
1179.32	791.826
1182.1	969.251
1184.88	900.24
1187.66	653.315
1190.43	432.712
1193.21	375.596
1195.99	429.916
1198.76	463.747
1201.54	451.363
1204.31	463.144
1207.08	504.432
1209.85	490.837
1212.63	397.527
1215.39	319.341
1218.16	333.37
1220.93	385.388
1223.7	384.242
1226.46	350.292
1229.23	372.961
1231.99	454.475
1234.75	514.443
1237.51	533.334
1240.27	557.803
1243.03	580.482
1245.79	564.282
1248.55	556.689
1251.31	617.996
1254.06	690.423
1256.82	705.266
1259.57	723.675
1262.32	795.944
1265.07	822.066
1267.82	737.065
1270.57	662.246
1273.32	692.476
1276.07	730.577
1278.82	693.769
1281.56	665.235
1284.31	700.557
1287.05	708.28
1289.79	637.168
1292.54	574.719
1295.28	588.696
1298.02	655.106
1300.75	761.766
1303.49	913.522
1306.23	1052.66
1308.97	1121.76
1311.7	1163.43
1314.43	1239.73
1317.17	1312.72
1319.9	1300.63
1322.63	1194.06
1325.36	1046.31
1328.09	899.193
1330.82	774.946
1333.54	709.661
1336.27	732.048
1339	792.562
1341.72	772.455
1344.44	629.041
1347.17	479.855
1349.89	442.741
1352.61	458.029
1355.33	407.985
1358.04	328.773
1360.76	321.898
1363.48	341.611
1366.19	276.375
1368.91	162.607
1371.62	118.172
1374.33	142.233
1377.05	154.732
1379.76	146.935
1382.47	149.292
1385.17	144.171
1387.88	120.319
1390.59	119.767
1393.29	158.861
1396	192.508
1398.7	192.57
1401.41	183.51
1404.11	197.219
1406.81	251.133
1409.51	342.184
1412.21	424.528
1414.91	449.027
1417.6	441.413
1420.3	463.961
1422.99	503.647
1425.69	498.631
1428.38	466.651
1431.07	494.451
1433.76	598.222
1436.45	695.82
1439.14	725.873
1441.83	714.611
1444.52	713.953
1447.21	730.401
1449.89	730.021
1452.58	687.146
1455.26	618.852
1457.94	570.534
1460.62	561.164
1463.3	557.599
1465.99	523.071
1468.66	469.116
1471.34	427.94
1474.02	399.076
1476.7	364.568
1479.37	329.247
1482.04	300.227
1484.72	262.15
1487.39	221.916
1490.06	224.932
1492.73	269.679
1495.4	282.143
1498.07	244.993
1500.74	248.435
1503.4	324.381
1506.07	363.609
1508.73	314.341
1511.39	307.967
1514.06	437.16
1516.72	569.634
1519.38	561.927
1522.04	506.861
1524.7	566.187
1527.36	683.388
1530.01	678.893
1532.67	548.257
1535.32	454.52
1537.98	456.926
1540.63	441.32
1543.28	341.049
1545.93	259.884
1548.58	298.874
1551.23	386.248
1553.88	395.371
1556.53	347.363
1559.18	358.741
1561.82	443.644
1564.47	515.784
1567.11	545.533
1569.75	567.605
1572.4	575.396
1575.04	551.521
1577.68	551.12
1580.31	621.3
1582.95	707.047
1585.59	754.71
1588.23	812.75
1590.86	921.234
1593.5	1020.75
1596.13	1079.28
1598.76	1187.98
1601.39	1436.52
1604.02	1814.74
1606.65	2308.14
1609.28	2937.72
1611.91	3593.96
1614.53	3958.43
1617.16	3753.38
1619.79	3049.83
1622.41	2220.41
1625.03	1585.62
1627.65	1195.05
1630.28	947.188
1632.9	776.469
1635.52	660.269
1638.13	576.74
1640.75	544.436
1643.37	594.619
1645.98	657.28
1648.6	621.221
1651.21	531.944
1653.82	537.613
1656.44	623.865
1659.05	630.002
1661.66	536.059
1664.27	485.511
1666.87	521.29
1669.48	545.959
1672.09	531.556
1674.69	538.61
1677.3	558.038
1679.9	535.378
1682.5	498.708
1685.1	501.025
1687.7	517.451
1690.3	522.498
1692.9	557.507
1695.5	625.466
1698.1	649.321
1700.69	610.066
1703.29	585.906
1705.88	590.859
1708.48	521.526
1711.07	338.752
1713.66	169.178
1716.25	133.699
1718.84	179.207
1721.43	186.808
1724.02	165.872
1726.6	209.287
1729.19	304.4
1731.77	337.319
1734.36	273.401
1736.94	196.419
1739.52	173.838
1742.1	202.346
1744.68	262.719
1747.26	323.76
1749.84	341.095
1752.42	329.101
1755	346.138
1757.57	370.584
1760.15	335.846
1762.72	294.902
1765.29	354.348
1767.86	463.355
1770.44	490.043
1773.01	453.307
1775.58	450.571
1778.14	457.006
1780.71	418.757
1783.28	399.295
1785.84	438.473
1788.41	452.017
1790.97	411.738
1793.53	400.709
1796.1	421.557
1798.66	410.664
1801.22	425.218
1803.78	523.572
1806.34	564.379
1808.89	438.803
1811.45	316.456
1814.01	342.543
1816.56	356.531
1819.11	228.138
1821.67	142.959
1824.22	244.754
1826.77	356.428
1829.32	334.939
1831.87	321.615
1834.42	405.047
1836.96	429.561
1839.51	335.893
1842.06	305.822
1844.6	408.208
1847.14	465.589
1849.69	398.015
1852.23	362.323
1854.77	443.833
1857.31	507.704
1859.85	455.364
1862.39	385.45
1864.92	409.277
1867.46	489.825
1870	541.671
1872.53	561.611
1875.07	596.21
1877.6	656.86
1880.13	706.795
1882.66	698.43
1885.19	624.631
1887.72	549.223
1890.25	546.492
1892.78	595.923
1895.3	608.918
1897.83	573.37
1900.35	563.986
1902.88	589.408
1905.4	569.687
1907.92	498.306
1910.44	469.215
1912.96	506.333
1915.48	527.891
1918	503.222
1920.52	480.103
1923.04	455.901
1925.55	389.465
1928.07	320.616
1930.58	316.835
1933.09	342.347
1935.61	322.951
1938.12	277.354
1940.63	263.64
1943.14	274.762
1945.65	281.462
1948.15	295.025
1950.66	325.092
1953.17	353.083
1955.67	372.557
1958.18	388.042
1960.68	382.789
1963.18	345.917
1965.68	305.782
1968.18	296.454
1970.68	318.47
1973.18	346.751
1975.68	358.364
1978.18	359.85
1980.67	378.633
1983.17	401.004
1985.66	372.285
1988.15	305.393
1990.65	286.132
1993.14	312.267
1995.63	282.772
1998.12	206.922
2000.61	218.575
2003.1	327.487
2005.59	394.756
2008.07	387.462
2010.56	399.918
2013.04	428.86
2015.52	396.071
2018.01	347.077
2020.49	368.234
2022.97	396.79
2025.45	345.002
2027.93	279.165
2030.41	280.936
2032.89	296.024
2035.36	267.144
2037.84	236.857
2040.31	229.46
2042.79	211.137
2045.26	195.833
2047.73	224.933
2050.2	268.829
2052.67	283.477
2055.14	289.343
2057.61	299.639
2060.08	279.395
2062.55	226.252
2065.01	175.439
2067.48	132.605
2069.94	110.78
2072.41	158.266
2074.87	246.807
2077.33	259.84
2079.79	179.647
2082.25	125.347
2084.71	146.354
2087.17	164.359
2089.63	154.011
2092.08	184.588
2094.54	259.368
2096.99	290.61
2099.45	249.12
2101.9	205.463
2104.35	221.712
2106.8	288.79
2109.25	361.498
2111.7	408.345
2114.15	431.301
2116.6	446.713
2119.04	457.41
2121.49	465.8
2123.94	487.804
2126.38	513.973
2128.82	500.396
2131.27	440.139
2133.71	386.336
2136.15	375.748
2138.59	393.06
2141.03	411.795
2143.46	408.8
2145.9	371.956
2148.34	338.691
2150.77	352.537
2153.21	367.416
2155.64	315.768
2158.07	252.447
2160.51	273.137
2162.94	341.405
2165.37	366.864
2167.8	363.388
2170.23	369.565
2172.66	350.401
2175.08	311.106
2177.51	325.833
2179.93	365.473
2182.36	321.903
2184.78	238.095
2187.2	253.137
2189.62	330.281
2192.04	315.329
2194.47	216.275
2196.88	163.111
2199.3	169.323
2201.72	158.276
2204.14	129.553
2206.55	130.831
2208.97	159.831
2211.38	185.582
2213.79	187.9
2216.21	171.291
2218.62	190.01
2221.03	278.226
2223.44	345.108
2225.85	294.377
2228.25	209.699
2230.66	215.835
2233.07	254.953
2235.47	234.512
2237.88	230.324
2240.28	300.26
2242.68	323.623
2245.08	250.164
2247.49	229.768
2249.89	313.421
2252.29	348.998
2254.68	300.135
2257.08	313.284
2259.48	396.043
2261.87	389.844
2264.27	284.608
2266.66	229.067
2269.06	259.718
2271.45	297.513
2273.84	326.747
2276.23	359.399
2278.62	348.815
2281.01	288.039
2283.4	245.414
2285.79	229.76
2288.17	182.679
2290.56	116.869
2292.94	107.739
2295.33	176.93
2297.71	293.707
2300.09	416.298
2302.47	475.927
2304.86	437.063
2307.23	381.182
2309.61	394.748
2311.99	422.467
2314.37	380.238
2316.75	317.516
2319.12	311.7
2321.49	323.671
2323.87	303.824
2326.24	305.274
2328.61	364.784
2330.99	408.596
2333.36	381.179
2335.73	341.129
2338.09	346.867
2340.46	355.793
2342.83	308.002
2345.2	232.409
2347.56	203.111
2349.92	225.656
2352.29	229.353
2354.65	179.84
2357.01	136.888
2359.38	153.08
2361.74	179.54
2364.09	155.005
2366.45	125.211
2368.81	167.527
2371.17	254.964
2373.52	305.168
2375.88	306.53
2378.23	294.68
2380.59	270.375
2382.94	233.344
2385.29	226.083
2387.64	261.265
2389.99	276.474
2392.34	231.153
2394.69	179.891
2397.04	187.691
2399.39	232.319
2401.73	246.823
2404.08	215.46
2406.42	180.41
2408.77	179.984
2411.11	214.364
2413.45	256.007
2415.79	272.34
2418.13	253.568
2420.47	229.955
2422.81	238.753
2425.15	268.37
2427.48	274.979
2429.82	262.57
2432.16	287.154
2434.49	358.914
2436.82	405.465
2439.16	367.537
2441.49	277.453
2443.82	212.868
2446.15	211.841
2448.48	246.19
2450.81	255.852
2453.14	220.294
2455.46	194.991
2457.79	231.018
2460.11	282.587
2462.44	282.11
2464.76	264.901
2467.08	294.11
2469.41	321.245
2471.73	279.661
2474.05	243.607
2476.37	311.24
2478.69	410.154
2481	411.686
2483.32	349.351
2485.64	331.806
2487.95	336.678
2490.27	279.413
2492.58	191.579
2494.89	157.88
2497.21	164.575
2499.52	156.852
2501.83	159.669
2504.14	215.97
2506.45	284.655
2508.75	307.989
2511.06	313.273
2513.37	355.156
2515.67	411.8
2517.98	424.133
2520.28	400.041
2522.58	395.793
2524.89	415.049
2527.19	412.716
2529.49	394.294
2531.79	417.83
2534.09	483.482
2536.39	515.714
2538.68	479.754
2540.98	424.993
2543.27	391.586
2545.57	366.619
2547.86	348.128
2550.16	358.037
2552.45	379.837
2554.74	369.306
2557.03	329.202
2559.32	301.546
2561.61	298.43
2563.9	299.294
2566.19	293.776
2568.47	285.24
2570.76	279.512
2573.04	287.281
2575.33	304.629
2577.61	302.85
2579.89	280.633
2582.18	290.9
2584.46	360.254
2586.74	428.88
2589.02	432.916
2591.29	396.647
2593.57	381.006
2595.85	389.819
2598.12	387.55
2600.4	368.514
2602.67	353.394
2604.95	346.266
2607.22	338.66
2609.49	335.202
2611.76	342.874
2614.04	353.158
2616.31	358.817
2618.57	364.941
2620.84	360.488
2623.11	314.811
2625.38	237.14
2627.64	195.397
2629.91	226.814
2632.17	278.541
2634.43	293.92
2636.7	297.206
2638.96	324.697
2641.22	343.06
2643.48	317.195
2645.74	289.279
2648	309.062
2650.25	350.223
2652.51	362.654
2654.77	343.647
2657.02	309.162
2659.27	259.251
2661.53	203.961
2663.78	167.625
2666.03	156.727
2668.28	165.737
2670.53	197.957
2672.78	244.363
2675.03	273.902
2677.28	271.614
2679.53	251.724
2681.77	226.648
2684.02	199.955
2686.26	178.993
2688.51	164.817
2690.75	155.194
2692.99	165.434
2695.23	198.219
2697.48	207.58
2699.72	163.713
2701.96	121.232
2704.19	139.15
2706.43	183.09
2708.67	195.469
2710.9	195.136
2713.14	218.744
2715.37	241.585
2717.61	236.538
2719.84	228.862
2722.07	232.862
2724.3	222.293
2726.53	200.062
2728.76	203.893
2730.99	226.61
2733.22	225.198
2735.45	207.207
2737.67	215.166
2739.9	239.817
2742.12	237.009
2744.35	208.32
2746.57	185.835
2748.79	167.379
2749.81	139.927
2752.07	131.356
2754.32	166.41
2756.57	205.975
2758.83	202.574
2761.08	184.707
2763.33	211.389
2765.58	268.875
2767.83	290.13
2770.08	259.543
2772.33	223.777
2774.57	211.648
2776.82	212.567
2779.07	223.446
2781.31	255.747
2783.56	302.543
2785.8	339.154
2788.04	347.626
2790.29	327.303
2792.53	298.929
2794.77	286.941
2797.01	278.303
2799.25	242.302
2801.49	208.169
2803.73	238.947
2805.97	308.366
2808.2	321.992
2810.44	279.013
2812.67	267.64
2814.91	291.496
2817.14	271.74
2819.37	223.154
2821.61	244.02
2823.84	333.484
2826.07	394.036
2828.3	400.781
2830.53	412.973
2832.76	446.227
2834.99	463.858
2837.22	462.773
2839.44	474.383
2841.67	508.148
2843.9	541.258
2846.12	545.991
2848.34	527.472
2850.57	534.774
2852.79	591.125
2855.01	639.597
2857.23	637.558
2859.45	643.944
2861.68	705.776
2863.89	755.308
2866.11	741.963
2868.33	737.434
2870.55	789.788
2872.76	827.642
2874.98	810.381
2877.19	803.431
2879.41	836.979
2881.62	863.228
2883.83	875.027
2886.05	901.736
2888.26	917.872
2890.47	902.391
2892.68	909.459
2894.89	962.63
2897.1	995.829
2899.3	979.495
2901.51	967.637
2903.72	984.885
2905.92	1005.67
2908.13	1030.89
2910.34	1064.41
2912.54	1075.61
2914.74	1071.13
2916.94	1100.03
2919.15	1147.85
2921.35	1156.81
2923.55	1143.26
2925.75	1161.53
2927.95	1207.82
2930.14	1263.32
2932.34	1321.36
2934.54	1319.32
2936.73	1207.57
2938.93	1078.22
2941.12	1028.7
2943.32	984.128
2945.51	869.775
2947.7	790.438
2949.89	818.059
2952.09	835.167
2954.28	780.711
2956.47	763.45
2958.66	798.174
2960.84	763.536
2963.03	685.701
2965.22	708.237
2967.41	794.804
2969.59	808.574
2971.78	784.571
2973.96	807.174
2976.14	804.701
2978.33	733.964
2980.51	714.464
2982.69	778.031
2984.87	784.683
2987.05	706.628
2989.23	673.163
2991.41	698.029
2993.59	682.261
2995.76	647.049
2997.94	675.818
3000.12	728.06
3002.29	734.536
3004.47	721.585
3006.64	700.645
3008.81	634.094
3010.99	570.631
3013.16	595.948
3015.33	661.631
3017.5	668.157
3019.67	637.843
3021.84	635.426
3024.01	646.948
3026.17	653.239
3028.34	668.609
3030.51	667.367
3032.67	634.861
3034.84	642.756
3037	713.707
3039.16	742.536
3041.33	696.154
3043.49	693.707
3045.65	771.729
3047.81	812.506
3049.97	782.766
3052.13	779.4
3054.29	808.391
3056.45	784.266
3058.61	732.757
3060.76	744.673
3062.92	782.44
3065.07	747.678
3067.23	660.306
3069.38	601.685
3071.53	574.879
3073.69	539.934
3075.84	494.513
3077.99	451.672
3080.14	414.251
3082.29	389.846
3084.44	379.155
3086.59	371.696
3088.74	375.478
3090.88	398.088
3093.03	404.26
3095.17	362.923
3097.32	308.9
3099.46	286.423
3101.61	278.314
3103.75	256.537
3105.89	244.286
3108.03	267.784
3110.17	298.148
3112.32	290.577
3114.45	250.864
3116.59	229.311
3118.73	252.247
3120.87	280.339
3123.01	262.454
3125.14	219.988
3127.28	220.928
3129.41	275.102
3131.55	329.937
3133.68	359.367
3135.81	371.375
3137.94	350.806
3140.08	283.271
3142.21	203.289
3144.34	149.724
3146.46	123.254
3148.59	124.403
3150.72	157.875
3152.85	190.146
3154.98	190.434
3157.1	189.822
3159.23	213.329
3161.35	217.427
3163.48	178.078
3165.6	148.838
3167.72	165.28
3169.84	196.288
3171.96	217.275
3174.08	219.502
3176.2	172.595
3178.32	95.4796
3180.44	84.0303
3182.56	152.499
3184.68	179.909
3186.79	121.21
3188.91	94.2841
3191.02	158.939
3193.14	212.188
3195.25	187.885
3197.37	157.323
3199.48	171.492
3201.59	189.324
3203.7	189.868
3205.81	197.759
3207.92	203.487
3210.03	181.717
3212.14	155.724
3214.25	159.88
3216.35	187.516
3218.46	216.862
3220.56	232.914
3222.67	223.47
3224.77	203.681
3226.88	207.985
3228.98	224.811
3231.08	210.466
3233.18	179.811
3235.29	183.277
3237.39	200.38
3239.49	174.118
3241.59	130.646
3243.68	139.167
3245.78	179.729
3247.88	173.293
3249.97	119.997
3252.07	99.1602
3254.16	142.935
3256.26	195.058
3258.35	199.894
3260.45	172.986
3262.54	160.612
3264.63	167.017
3266.72	164.567
3268.81	155.215
3270.9	160.981
3272.99	166.881
3275.08	148.296
3277.17	135.192
3279.25	160.287
3281.34	179.407
3283.42	146.848
3285.51	114.355
3287.59	138.88
3289.68	165.677
3291.76	128.918
3293.84	83.1624
3295.92	105.564
3298	155.396
3300.09	155.151
3302.17	127.235
3304.24	135.026
3306.32	160.49
3308.4	145.296
3310.48	103.318
3312.55	100.979
3314.63	147.911
3316.7	181.257
3318.78	161.653
3320.85	124.545
3322.92	113.727
3325	119.026
3327.07	118.703
3329.14	129.149
3331.21	163.523
3333.28	194.555
3335.35	201.453
3337.42	196.141
3339.49	180.91
3341.55	150.964
3343.62	135.062
3345.68	150.074
3347.75	150.3
3349.81	113.391
3351.88	103.791
3353.94	151.651
3356	175.97
3358.07	131.867
3360.13	103.658
3362.19	150.847
3364.25	200.932
3366.31	183.623
3368.36	140.995
3370.42	139.486
3372.48	176.964
3374.54	206.812
3376.59	188.84
3378.65	131.366
3380.7	103.57
3382.75	143.594
3384.81	177.788
3386.86	136.435
3388.91	88.1725
3390.96	122.672
3393.01	186.004
3395.06	178.296
3397.11	116.582
3399.16	75.562
3401.21	73.8307
3403.26	101.637
3405.3	147.051
3407.35	164.161
3409.4	129.576
3411.44	103.63
3413.49	130.01
3415.53	156.791
3417.57	146.036
3419.61	136.503
3421.66	137.24
3423.7	112.07
3425.74	88.2872
3427.77	114.615
3429.81	144.502
3431.85	126.492
3433.89	118.14
3435.93	152.228
3437.96	137.721
3440	42.5684
3442.03	-8.8393
3444.07	49.7611
3446.1	112.618
3448.13	99.9484
3450.17	73.3647
3452.2	91.038
3454.23	122.811
3456.26	136.483
3458.29	134.515
3460.32	118.421
3462.35	102.341
3464.38	111.036
3466.4	127.234
3468.43	118.005
3470.45	105.051
3472.48	121.385
3474.5	146.429
3476.53	162.219
3478.55	188.636
3480.57	208.47
3482.59	176.835
3484.62	129.994
3486.64	141.663
3488.66	179.96
3490.68	164.739
3492.7	124.436
3494.71	131.809
3496.73	150.177
3498.75	103.599
