102.162	440.098
105.192	404.346
108.22	245.511
111.246	80.7074
114.271	114.6
117.295	69.9563
120.317	32.7786
123.338	114.131
126.356	167.108
129.374	249.653
132.39	307.021
135.405	177.795
138.418	146.107
141.429	131.298
144.44	110.801
147.449	90.7001
150.456	154.078
153.462	206.855
156.467	85.0537
159.469	85.8724
162.471	94.4662
165.471	94.6869
168.47	89.3804
171.467	99.1229
174.463	108.059
177.457	126.171
180.449	92.6389
183.441	157.031
186.431	131.796
189.419	118.904
192.407	201.8
195.392	157.925
198.376	194.905
201.358	182.434
204.339	148.925
207.319	198.694
210.297	186.652
213.275	231.853
216.25	209.379
219.224	213.578
222.196	207.287
225.167	234.358
228.137	138.21
231.105	146.117
234.072	123.811
237.037	137.954
240.001	144.425
242.963	120.266
245.924	81.1282
248.884	150.912
251.842	94.6483
254.799	146.057
257.754	162.544
260.708	149.108
263.66	170.905
266.611	157.997
269.561	190.544
272.509	136.645
275.456	104.457
278.401	123.075
281.345	139.181
284.287	80.1007
287.228	130.581
290.168	108.186
293.106	107.201
296.043	110.291
298.978	127.49
301.912	113.492
304.845	113.721
307.776	119.489
310.706	116.016
313.634	82.1004
316.561	93.616
319.485	98.8229
322.41	149.535
325.332	52.9028
328.254	119.964
331.173	104.263
334.092	64.4306
337.009	140.972
339.924	93.0429
342.839	71.9421
345.751	141.047
348.663	89.8377
351.572	88.7739
354.481	100.077
357.388	138.063
360.294	118.814
363.199	111.932
366.101	128.291
369.003	65.6905
371.903	134.45
374.801	110.482
377.699	123.43
380.595	179.718
383.489	73.1245
386.382	159.166
389.274	150.661
392.165	191.447
395.054	230.954
397.942	213.398
400.827	275.976
403.712	314.544
406.596	303.759
409.477	381.352
412.358	356.35
415.238	400.571
418.116	394.296
420.993	437.184
423.867	411.528
426.741	465.318
429.614	468.951
432.484	520.285
435.354	568.393
438.222	541.551
441.09	605.484
443.955	617.565
446.819	639.677
449.682	602.105
452.543	590.216
455.403	554.594
458.262	477.727
461.119	447.234
463.974	370.711
466.829	305.548
469.682	339.831
472.534	282.049
475.384	247.212
478.234	227.298
481.081	246.437
483.928	187.04
486.772	210.858
489.616	183.914
492.458	157.137
495.299	131.856
498.139	157.402
500.977	137.982
503.814	107.647
506.649	138.923
509.483	140.169
512.316	127.791
515.147	125.002
517.977	163.422
520.806	137.999
523.633	181.149
526.459	138.63
529.283	164.686
532.107	207.077
534.929	152.911
537.749	221.248
540.569	186.716
543.386	242.553
546.203	192.88
549.018	235.204
551.831	215.079
554.644	186.912
557.455	243.726
560.265	201.723
563.073	261.12
565.88	218.403
568.686	260.285
571.49	168.811
574.293	240.976
577.095	220.668
579.896	246.049
582.695	289.932
585.493	278.547
588.289	271.301
591.084	324.87
593.878	310.164
596.67	326.045
599.462	427.447
602.251	407.57
605.039	436.614
607.827	469.775
610.612	474.256
613.397	565.016
616.18	720.324
618.962	815.114
621.743	823.37
624.522	569.223
627.3	383.52
630.075	353.181
632.851	178.332
635.625	221.781
638.397	186
641.168	170.994
643.938	162.874
646.707	143.13
649.474	97.3377
652.24	145.718
655.005	153.361
657.768	121.151
660.53	142.252
663.291	115.95
666.05	118.057
668.808	116.863
671.565	126.257
674.32	161.944
677.074	94.5429
679.827	85.1399
682.579	155.738
685.329	111.164
688.077	97.516
690.825	92.9642
693.572	121.644
696.317	107.164
699.061	99.0257
701.803	117.244
704.543	163.806
707.284	81.9285
710.022	148.677
712.759	51.1871
715.495	101.685
718.229	102.823
720.963	114.263
723.695	88.1536
726.426	106.305
729.155	128.705
731.883	151.357
734.61	154.071
737.336	254
740.06	233.792
742.783	290.404
745.505	322.509
748.225	266.213
750.944	274.909
753.662	318.682
756.378	220.849
759.093	246.85
761.807	230.975
764.52	192.086
767.231	183.636
769.941	150.395
772.65	150.065
775.358	189.798
778.064	108.746
780.769	127.6
783.473	138.139
786.175	130.008
788.877	97.3145
791.576	144.708
794.274	147.546
796.972	122.927
799.668	106.264
802.363	112.254
805.056	88.3184
807.749	132.941
810.44	123.987
813.129	132.22
815.818	121.712
818.505	139.5
821.191	160.838
823.875	170.5
826.558	149.817
829.241	166.707
831.921	102.473
834.601	133.562
837.279	160.573
839.956	170.225
842.632	170.45
845.306	114.698
847.98	106.086
850.652	88.4866
853.322	115.151
855.992	169.417
858.66	114.04
861.328	119.872
863.993	132.885
866.658	128.838
869.32	95.8715
871.983	110.827
874.643	130.481
877.302	93.1061
879.96	100.209
882.618	112.09
885.274	91.619
887.928	108.322
890.581	145.418
893.233	124.761
895.883	94.1583
898.533	95.2383
901.181	176.049
903.828	86.4603
906.474	172.566
909.118	137.845
911.761	191.085
914.404	171.091
917.044	111.48
919.684	172.886
922.322	148.416
924.959	124.047
927.595	139.078
930.229	127.178
932.863	97.5504
935.494	136.059
938.125	87.1651
940.755	91.8043
943.383	152.008
946.01	93.1961
948.637	113.477
951.261	149.082
953.884	113.389
956.506	127.307
959.127	139.325
961.747	205.45
964.366	155.269
966.983	194.6
969.599	184.54
972.214	222.265
974.828	176.097
977.439	236.566
980.051	262.523
982.661	342.698
985.269	393.33
987.877	504.928
990.483	627.225
993.089	863.293
995.692	1483.03
998.295	2242.44
1000.9	2716.56
1003.5	2448.47
1006.1	1610.25
1008.69	800.302
1011.29	447.685
1013.89	333.352
1016.48	298.229
1019.07	317.123
1021.66	417.144
1024.25	480.961
1026.84	757.055
1029.43	943.231
1032.02	907.808
1034.6	872.583
1037.19	653.002
1039.77	412.351
1042.35	358.246
1044.93	251.931
1047.51	294.22
1050.09	238.598
1052.67	243.286
1055.25	280.442
1057.82	248.965
1060.39	232.047
1062.97	286.454
1065.54	195.969
1068.11	305.33
1070.68	296.549
1073.24	274.143
1075.81	275.224
1078.38	294.115
1080.94	303.216
1083.5	286.093
1086.06	227.279
1088.62	285.528
1091.18	294.432
1093.74	285.386
1096.3	268.267
1098.85	306.407
1101.41	280.523
1103.96	271.196
1106.51	269.211
1109.06	221.202
1111.61	129.191
1114.16	178.537
1116.71	171.774
1119.26	157.486
1121.8	155.02
1124.34	161.014
1126.89	151.898
1129.43	86.8563
1131.97	114.874
1134.51	95.6897
1137.05	123.109
1139.58	61.0763
1142.12	131.562
1144.65	146.735
1147.18	203.404
1149.72	231.943
1152.25	324.535
1154.78	351.816
1157.31	426.513
1159.83	326.928
1162.36	312.176
1164.88	251.216
1167.41	255.577
1169.93	287.916
1172.45	265.567
1174.97	298.652
1177.49	390.424
1180.01	442.265
1182.52	577.446
1185.04	560.386
1187.55	586.744
1190.07	544.608
1192.58	570.547
1195.09	646.846
1197.6	670.508
1200.11	647.627
1202.62	591.29
1205.12	509.193
1207.63	431.343
1210.13	360.423
1212.63	368.76
1215.14	271.013
1217.64	236.637
1220.14	178.325
1222.63	266.038
1225.13	211.178
1227.63	187.634
1230.12	221.037
1232.61	180.544
1235.11	155.19
1237.6	184.788
1240.09	114.272
1242.58	148.836
1245.06	178.921
1247.55	151.001
1250.04	150.971
1252.52	171.598
1255	146.266
1257.49	115.222
1259.97	152.002
1262.45	164.879
1264.92	121.138
1267.4	143.574
1269.88	213.712
1272.35	101.464
1274.83	106.648
1277.3	159.839
1279.77	111.48
1282.24	72.5551
1284.71	93.0607
1287.18	48.3544
1289.65	152.335
1292.11	132.608
1294.58	150.432
1297.04	198.1
1299.5	194.126
1301.96	201.567
1304.42	230.706
1306.88	352.784
1309.34	258.814
1311.8	238.541
1314.25	202.993
1316.71	265.7
1319.16	214.595
1321.61	218.791
1324.07	152.399
1326.52	221.466
1328.96	225.931
1331.41	206.783
1333.86	137.587
1336.3	289.156
1338.75	143.132
1341.19	189.615
1343.63	142.474
1346.08	155.187
1348.51	232.172
1350.95	183.083
1353.39	211.003
1355.83	169.309
1358.26	251.681
1360.7	161.764
1363.13	204.361
1365.56	247.089
1367.99	309.187
1370.42	321.001
1372.85	403.761
1375.28	292.72
1377.71	379.199
1380.13	293.902
1382.56	271.649
1384.98	178.096
1387.4	199.189
1389.82	184.007
1392.24	100.543
1394.66	173.156
1397.08	141.358
1399.49	187.823
1401.91	185.326
1404.32	190.636
1406.74	222.935
1409.15	129.562
1411.56	180.004
1413.97	126.728
1416.38	210.108
1418.78	124.63
1421.19	200.635
1423.6	172.767
1426	214.522
1428.4	180.172
1430.81	295.711
1433.21	284.095
1435.61	333.143
1438.01	346.208
1440.4	382.05
1442.8	425.284
1445.2	396.624
1447.59	453.849
1449.98	404.158
1452.37	393.943
1454.77	494.437
1457.16	343.038
1459.54	301.575
1461.93	253.244
1464.32	234.354
1466.7	198.032
1469.09	194.838
1471.47	197.778
1473.85	200.695
1476.24	176.122
1478.62	110.188
1480.99	191.44
1483.37	194.54
1485.75	236.763
1488.13	167.193
1490.5	214.505
1492.87	141.262
1495.25	221.036
1497.62	237.345
1499.99	143.68
1502.36	199.997
1504.72	195.267
1507.09	167.846
1509.46	235.11
1511.82	185.418
1514.19	208.125
1516.55	198.239
1518.91	194.824
1521.27	172.722
1523.63	183.576
1525.99	211.109
1528.35	214.297
1530.7	246.192
1533.06	232.67
1535.41	212.621
1537.77	215.21
1540.12	280.298
1542.47	318.996
1544.82	330.725
1547.17	274.045
1549.51	461.573
1551.86	361.125
1554.21	345.452
1556.55	302.593
1558.89	290.444
1561.24	234.239
1563.58	231.511
1565.92	259.144
1568.26	184.104
1570.59	173.227
1572.93	273.953
1575.27	200.732
1577.6	297.622
1579.94	293.943
1582.27	353.724
1584.6	393.634
1586.93	313.741
1589.26	305.101
1591.59	287.242
1593.92	320.18
1596.24	428.007
1598.57	557.905
1600.89	648.494
1603.22	657.876
1605.54	585.583
1607.86	438.381
1610.18	354.759
1612.5	235.604
1614.82	221.047
1617.13	214.137
1619.45	203.516
1621.76	147.574
1624.08	196.949
1626.39	190.051
1628.7	105.103
1631.01	258.056
1633.32	144.885
1635.63	245.579
1637.94	172.178
1640.24	190.828
1642.55	289.194
1644.85	259.807
1647.15	225.311
1649.46	197.724
1651.76	247.158
1654.06	218.21
1656.36	223.39
1658.65	188.426
1660.95	353.158
1663.25	298.32
1665.54	346.821
1667.84	328.981
1670.13	312.161
1672.42	280.654
1674.71	220.525
1677	176.989
1679.29	182.021
1681.58	207.055
1683.86	131.49
1686.15	182.768
1688.43	180.752
1690.72	159.64
1693	114.064
1695.28	186.139
1697.56	135.548
1699.84	83.7074
1702.12	178.015
1704.39	131.585
1706.67	173.498
1708.94	184.218
1711.22	74.6015
1713.49	84.3407
1715.76	161.556
1718.03	119.126
1720.3	41.3802
1722.57	110.718
1724.84	99.5347
1727.11	109.524
1729.37	123.292
1731.64	119.801
1733.9	114.83
1736.17	161.981
1738.43	120.169
1740.69	122.861
1742.95	168.182
1745.21	131.158
1747.46	88.8318
1749.72	172.073
1751.98	114.883
1754.23	189.165
1756.48	120.942
1758.74	168.981
1760.99	114.125
1763.24	119.846
1765.49	102.886
1767.74	187.673
1769.98	88.6098
1772.23	91.8387
1774.48	150.697
1776.72	154.556
1778.96	77.5708
1781.21	91.1857
1783.45	162.785
1785.69	190.363
1787.93	119.88
1790.16	138.236
1792.4	181.289
1794.64	100.514
1796.87	128.503
1799.11	113.552
1801.34	97.9662
1803.57	168.515
1805.8	103.254
1808.04	113.251
1810.26	76.0437
1812.49	153.994
1814.72	95.0345
1816.95	41.6277
1819.17	173.012
1821.4	170.561
1823.62	86.2298
1825.84	127.57
1828.06	184.56
1830.28	106.867
1832.5	183.881
1834.72	112.164
1836.94	155.716
1839.15	97.8067
1841.37	117.79
1843.58	131.855
1845.79	169.875
1848.01	124.39
1850.22	61.4658
1852.43	165.909
1854.64	86.4405
1856.85	186.125
1859.05	108.887
1861.26	126.245
1863.46	158.485
1865.67	164.052
1867.87	105.367
1870.07	110.926
1872.28	135.627
1874.48	108.356
1876.68	180.956
1878.87	50.5954
1881.07	102.785
1883.27	90.549
1885.46	128.528
1887.66	156.122
1889.85	78.3255
1892.04	80.8626
1894.23	163.045
1896.42	119.556
1898.61	156.394
1900.8	76.4141
1902.99	165.914
1905.18	116.112
1907.36	94.4176
1909.55	29.4476
1911.73	202.206
1913.91	113.582
1916.09	105.472
1918.27	164.729
1920.45	121.878
1922.63	128.805
1924.81	154.55
1926.99	149.227
1929.16	130.449
1931.34	132.072
1933.51	138.53
1935.68	152.536
1937.85	124.985
1940.02	99.5709
1942.2	114.78
1944.36	96.3804
1946.53	46.9456
1948.7	136.289
1950.86	101.801
1953.03	126.518
1955.19	193.912
1957.36	105.176
1959.52	129.82
1961.68	124.952
1963.84	111.097
1966	111.173
1968.16	120.805
1970.31	127.585
1972.47	0
1974.63	172.232
1976.78	71.2225
1978.93	112.6
1981.09	152.42
1983.24	37.5884
1985.39	156.693
1987.54	97.4279
1989.69	106.626
1991.83	110.663
1993.98	46.8704
1996.13	138.624
1998.27	93.9125
