102.528	0
105.558	38.5277
108.585	106.348
111.611	142.879
114.636	130.462
117.66	112.96
120.681	136.656
123.702	190.333
126.721	219.002
129.737	190.657
132.753	134.841
135.768	114.17
138.781	166.996
141.792	277.316
144.802	387.26
147.811	433.126
150.818	383.529
153.824	261.615
156.828	132.472
159.831	56.4497
162.832	45.9166
165.832	67.986
168.83	87.2692
171.827	96.8204
174.822	105.423
177.816	109.615
180.809	95.1461
183.8	63.6246
186.79	39.9262
189.778	44.2817
192.764	66.6676
195.75	79.6624
198.734	71.8316
201.716	55.9074
204.697	49.0106
207.676	51.1743
210.654	54.8929
213.631	60.8471
216.606	74.2984
219.579	91.2896
222.552	101.358
225.523	105.357
228.492	119.769
231.46	157.416
234.427	210.686
237.391	261.107
240.355	301.649
243.317	341.833
246.278	392.722
249.237	455.755
252.195	527.528
255.151	605.496
258.107	681.629
261.06	735.974
264.012	746.667
266.963	708.08
269.913	634.21
272.86	544.099
275.806	450.002
278.752	361.128
281.695	290.245
284.637	247.869
287.579	231.391
290.518	226.836
293.456	222.497
296.392	216.346
299.327	209.706
302.261	200.091
305.193	184.286
308.124	164.168
311.053	144.105
313.981	124.794
316.908	105.091
319.833	88.686
322.756	81.988
325.679	83.7135
328.6	83.188
331.52	73.5786
334.438	61.9998
337.355	60.053
340.269	67.2691
343.184	72.6392
346.096	68.9397
349.007	64.7618
351.917	69.3805
354.826	77.8197
357.732	77.8122
360.637	68.2454
363.541	60.9428
366.445	63.1881
369.346	68.0053
372.245	67.0519
375.144	65.7204
378.041	76.3323
380.937	99.1581
383.831	120.254
386.724	129.94
389.615	134.603
392.506	144.835
395.395	158.467
398.281	163.797
401.167	157.28
404.052	148.978
406.936	148.813
409.817	154.876
412.698	159.423
415.576	160.432
418.455	160.812
421.33	159.692
424.206	152.715
427.079	141.316
429.951	134.121
432.822	135.641
435.691	138.972
438.559	134.6
441.426	122.654
444.291	110.554
447.155	100.851
450.017	89.0462
452.878	74.2968
455.738	64.3703
458.597	65.0802
461.454	70.2338
464.31	69.1535
467.163	61.8671
470.016	59.0174
472.868	65.9819
475.718	74.7066
478.567	76.4661
481.415	74.744
484.26	80.4464
487.105	96.2446
489.949	114.221
492.79	129.577
495.631	148.489
498.471	177.984
501.308	213.993
504.145	246.305
506.98	272.423
509.813	298.467
512.646	325.985
515.477	346.284
518.307	352.868
521.135	353.979
523.963	364.964
526.789	388.475
529.612	408.241
532.435	404.34
535.258	371.042
538.077	318.652
540.897	262.863
543.714	215.913
546.531	183.903
549.345	165.598
552.158	153.005
554.971	138.04
557.782	120.891
560.591	108.72
563.399	104.511
566.206	101.328
569.012	91.5455
571.816	78.7801
574.619	74.5917
577.42	83.1408
580.221	94.95
583.02	98.5918
585.817	93.8992
588.613	88.957
591.408	87.0186
594.201	82.9584
596.994	73.0339
599.784	61.8054
602.574	55.8055
605.362	54.5631
608.149	53.1263
610.935	51.7662
613.719	57.3799
616.502	74.1669
619.283	97.6989
622.063	121.144
624.842	143.887
627.62	169.444
630.396	195.902
633.171	213.325
635.944	212.648
638.717	194.982
641.488	170.614
644.257	150.44
647.026	139.442
649.792	136.199
652.559	135.798
655.323	133.752
658.086	129.667
660.848	127.323
663.608	129.099
666.367	130.347
669.125	122.453
671.881	103.249
674.637	81.7846
677.391	69.6338
680.143	68.5987
682.895	70.4841
685.645	68.7862
688.393	66.1904
691.141	68.3537
693.887	74.035
696.631	76.0389
699.375	71.0107
702.117	63.4983
704.858	58.868
707.598	56.2149
710.336	49.6624
713.073	41.8031
715.808	38.8281
718.542	46.5215
721.276	63.5683
724.007	83.4996
726.738	100.37
729.467	111.624
732.195	118.033
734.921	123.347
737.647	132.628
740.371	147.856
743.094	165.049
745.816	178.129
748.535	186.041
751.254	193.456
753.971	203.396
756.688	212.226
759.403	215.011
762.117	213.875
764.829	216.497
767.54	225.698
770.25	234.859
772.959	236.539
775.666	232.675
778.372	231.852
781.077	237.193
783.78	241.892
786.483	238.784
789.183	230.691
791.883	227.359
794.582	233.322
797.278	242.834
799.974	247.706
802.669	247.05
805.363	247
808.055	252.451
810.745	261.662
813.434	268.843
816.122	269.992
818.81	265.564
821.495	258.838
824.179	252.596
826.863	246.824
829.544	239.134
832.225	227.927
834.904	215.156
837.582	204.671
840.259	197.149
842.935	188.155
845.609	173.118
848.282	153.587
850.954	136.227
853.624	125.282
856.293	118.419
858.962	111.358
861.629	104.368
864.294	101.326
866.958	103.224
869.621	106.048
872.283	106.034
874.943	104.142
877.602	103.332
880.26	103.604
882.917	102.833
885.573	101.396
888.227	101.986
890.879	104.025
893.531	102.245
896.182	93.7772
898.831	84.0922
901.479	81.5223
904.126	86.2931
906.771	89.7238
909.415	86.1977
912.058	81.7805
914.7	86.5052
917.341	99.793
919.98	109.122
922.618	105.023
925.255	93.4271
927.89	89.375
930.524	99.9196
933.157	116.959
935.789	126.983
938.419	124.311
941.049	113.245
943.677	100.497
946.304	89.3336
948.93	80.5288
951.554	74.9626
954.178	72.884
956.8	72.0957
959.421	69.3869
962.04	64.2323
964.659	60.0313
967.275	60.5209
969.891	65.6342
972.506	71.276
975.119	73.0913
977.731	71.1238
980.342	70.4829
982.952	76.4869
985.56	88.4666
988.168	99.208
990.774	102.017
993.378	98.2475
995.982	96.0656
998.584	101.07
1001.19	110
1003.79	115.554
1006.38	116.026
1008.98	116.95
1011.58	122.824
1014.17	130.618
1016.77	134.122
1019.36	132.817
1021.95	132.784
1024.54	138.785
1027.13	149.04
1029.72	159.521
1032.3	170.427
1034.89	184.896
1037.47	202.243
1040.06	216.279
1042.64	221.48
1045.22	218.341
1047.8	211.386
1050.38	204.533
1052.95	201.039
1055.53	205.788
1058.1	222.83
1060.68	249.593
1063.25	277.406
1065.82	300.658
1068.39	323.259
1070.96	352.37
1073.53	386.556
1076.09	414.491
1078.66	427.084
1081.22	427.605
1083.78	426.747
1086.35	429.503
1088.91	430.978
1091.46	425.364
1094.02	414.964
1096.58	407.765
1099.13	408.37
1101.69	414.832
1104.24	424.015
1106.79	436.489
1109.34	454.348
1111.89	476.136
1114.44	496.201
1116.99	508.401
1119.54	508.393
1122.08	492.311
1124.62	455.938
1127.17	398.002
1129.71	325.023
1132.25	251.817
1134.79	195.105
1137.32	163.957
1139.86	154.091
1142.4	150.982
1144.93	140.307
1147.46	117.814
1149.99	90.4835
1152.52	68.6717
1155.05	57.5288
1157.58	55.7123
1160.11	59.3585
1162.63	65.7517
1165.16	72.5771
1167.68	77.4615
1170.21	80.6873
1172.73	86.6738
1175.25	99.5376
1177.77	116.909
1180.28	130.891
1182.8	136.562
1185.31	137.622
1187.83	141.761
1190.34	151.87
1192.85	164.231
1195.36	174.348
1197.87	180.988
1200.38	183.822
1202.89	181.122
1205.4	173.108
1207.9	165.418
1210.4	164.733
1212.91	170.724
1215.41	176.326
1217.91	177.536
1220.41	179.13
1222.9	187.321
1225.4	199.746
1227.9	208.279
1230.39	211.397
1232.88	217.113
1235.38	230.006
1237.87	240.37
1240.36	233.362
1242.85	208.468
1245.33	182.969
1247.82	172.953
1250.3	175.765
1252.79	176.351
1255.27	168.115
1257.75	160.496
1260.23	164.918
1262.71	179.807
1265.19	194.107
1267.67	201.786
1270.15	206.491
1272.62	212.524
1275.09	218.078
1277.57	220.738
1280.04	224.949
1282.51	238.15
1284.98	260.269
1287.45	282.24
1289.91	296.52
1292.38	305.419
1294.84	316.553
1297.31	332.968
1299.77	351.571
1302.23	369.941
1304.69	389.768
1307.15	411.976
1309.61	432.161
1312.06	444.299
1314.52	447.427
1316.97	445.147
1319.43	438.826
1321.88	425.302
1324.33	403.518
1326.78	380.842
1329.23	369.004
1331.67	373.086
1334.12	386.342
1336.57	396.438
1339.01	395.65
1341.45	385.007
1343.9	371.069
1346.34	360.758
1348.78	357.843
1351.22	360.862
1353.65	363.046
1356.09	356.39
1358.52	338.342
1360.96	314.646
1363.39	294.209
1365.82	280.859
1368.25	271.019
1370.68	259.385
1373.11	245.007
1375.54	230.359
1377.96	215.785
1380.39	197.778
1382.81	173.955
1385.24	147.831
1387.66	126.195
1390.08	111.664
1392.5	100
1394.92	86.128
1397.33	71.4183
1399.75	62.631
1402.17	63.4431
1404.58	69.4178
1406.99	73.275
1409.41	73.9457
1411.81	77.5085
1414.22	88.3895
1416.63	102.214
1419.04	110.074
1421.45	109.201
1423.85	106.406
1426.26	109.947
1428.66	120.637
1431.06	133.762
1433.46	148.662
1435.86	172.441
1438.26	212.422
1440.66	267.315
1443.05	328.604
1445.45	389.444
1447.84	448.197
1450.24	501.633
1452.63	537.849
1455.02	540.416
1457.41	501.092
1459.8	427.569
1462.18	338.61
1464.57	252.883
1466.96	182.133
1469.34	131.287
1471.72	100.485
1474.11	85.7194
1476.49	80.0082
1478.87	76.7413
1481.25	72.6583
1483.62	67.5046
1486	61.7692
1488.38	55.9834
1490.75	51.6928
1493.12	51.0872
1495.5	54.5977
1497.87	59.7939
1500.24	63.8791
1502.61	67.0312
1504.97	72.2444
1507.34	81.7449
1509.71	94.2886
1512.07	106.115
1514.43	113.853
1516.8	116.384
1519.16	114.954
1521.52	112.231
1523.88	110.43
1526.24	109.055
1528.59	104.727
1530.95	94.6515
1533.3	80.5908
1535.66	68.0239
1538.01	60.5297
1540.36	56.2579
1542.71	51.4768
1545.06	46.6422
1547.41	46.3049
1549.76	52.363
1552.11	59.9908
1554.45	62.657
1556.8	60.0752
1559.14	58.2703
1561.48	61.4944
1563.82	67.1088
1566.16	70.4651
1568.5	72.6168
1570.84	79.4304
1573.18	92.7008
1575.51	105.456
1577.85	108.45
1580.18	99.9818
1582.51	87.0122
1584.84	77.1355
1587.17	71.9738
1589.5	68.8668
1591.83	66.2753
1594.16	65.2469
1596.48	66.7615
1598.81	70.2319
1601.13	74.7686
1603.46	79.7789
1605.78	83.591
1608.1	83.5554
1610.42	79.2887
1612.74	74.5285
1615.06	73.3448
1617.37	74.6584
1619.69	73.0319
1622	65.8733
1624.32	57.6607
1626.63	54.889
1628.94	58.0061
1631.25	61.1056
1633.56	59.7255
1635.87	56.164
1638.17	55.5855
1640.48	59.0345
1642.78	62.9548
1645.09	64.6762
1647.39	65.0859
1649.69	64.999
1652	62.7589
1654.29	56.9254
1656.59	50.9458
1658.89	50.7101
1661.19	57.7237
1663.48	64.7523
1665.78	65.5553
1668.07	61.1523
1670.36	57.7831
1672.66	58.6922
1674.95	60.6843
1677.24	59.4251
1679.52	55.5732
1681.81	53.5426
1684.1	56.3201
1686.38	60.4344
1688.67	62.9266
1690.95	64.3055
1693.23	65.8052
1695.51	65.5465
1697.79	61.0799
1700.07	54.762
1702.35	53.1854
1704.63	59.4582
1706.9	68.2657
1709.18	71.3042
1711.45	66.9824
1713.72	61.9842
1716	62.6221
1718.27	67.2738
1720.54	69.5717
1722.81	67.6853
1725.07	67.2429
1727.34	74.2368
1729.61	87.4338
1731.87	99.9644
1734.13	107.417
1736.4	111.667
1738.66	116.033
1740.92	119.022
1743.18	115.432
1745.44	103.506
1747.69	88.727
1749.95	78.997
1752.21	76.762
1754.46	77.3257
1756.71	74.9872
1758.97	69.4354
1761.22	65.1459
1763.47	65.2877
1765.72	67.8831
1767.96	68.5295
1770.21	65.7786
1772.46	62.4484
1774.7	61.6435
1776.95	62.8131
1779.19	62.748
1781.43	59.9773
1783.67	56.8237
1785.91	56.5114
1788.15	59.3181
1790.39	61.255
1792.63	59.7861
1794.86	56.4401
1797.1	55.259
1799.33	58.1795
1801.57	62.7242
1803.8	64.635
1806.03	62.3563
1808.26	58.3722
1810.49	56.2662
1812.72	57.127
1814.94	59.1003
1817.17	59.883
1819.4	58.9577
1821.62	57.5191
1823.84	57.4187
1826.06	58.5708
1828.29	60.7338
1830.51	63.2476
1832.72	63.7921
1834.94	61.4218
1837.16	57.6713
1839.38	55.6289
1841.59	56.7564
1843.8	59.0778
1846.02	59.4876
1848.23	57.6805
1850.44	56.9789
1852.65	59.3969
1854.86	62.9174
1857.07	64.0658
1859.27	62.9042
1861.48	62.8238
1863.69	64.9274
1865.89	65.3616
1868.09	60.6074
1870.29	53.9327
1872.5	53.0196
1874.7	60.4038
1876.9	69.2733
1879.09	71.0509
1881.29	65.31
1883.49	59.1127
1885.68	57.3191
1887.88	57.5898
1890.07	56.2773
1892.26	55.2152
1894.45	59.3454
1896.64	64.641
1898.83	65.7398
1901.02	59.5674
1903.21	53.575
1905.39	56.2917
1907.58	65.3931
1909.76	69.8436
1911.95	64.3224
1914.13	56.4307
1916.31	56.4381
1918.49	63.4592
1920.67	67.0758
1922.85	61.985
1925.03	55.2728
1927.2	56.4584
1929.38	64.3563
1931.55	68.6477
1933.73	64.0135
1935.9	54.8142
1938.07	50.0874
1940.24	53.1229
1942.41	58.0636
1944.58	61.6193
1946.75	62.7919
1948.91	62.7122
1951.08	61.1771
1953.24	58.9002
1955.41	56.8496
1957.57	57.9905
1959.73	61.352
1961.89	62.8044
1964.05	61.033
1966.21	59.9134
1968.37	63.2277
1970.53	68.9304
1972.68	71.2221
1974.84	67.8045
1976.99	62.5436
1979.15	60.3124
1981.3	61.268
1983.45	61.7379
1985.6	59.5114
1987.75	56.2392
1989.9	55.0674
1992.04	56.2638
1994.19	58.8709
1996.34	61.4725
1998.48	62.9863
